0 10 -9.81
0.01 9.9995 -9.81
0.02 9.998 -9.81
0.03 9.9956 -9.81
0.04 9.9922 -9.81
0.05 9.9877 -9.81
0.06 9.9823 -9.81
0.07 9.976 -9.81
0.08 9.9686 -9.81
0.09 9.9603 -9.81
0.1 9.951 -9.81
0.11 9.9406 -9.81
0.12 9.9294 -9.81
0.13 9.9171 -9.81
0.14 9.9039 -9.81
0.15 9.8896 -9.81
0.16 9.8744 -9.81
0.17 9.8582 -9.81
0.18 9.8411 -9.81
0.19 9.8229 -9.81
0.2 9.8038 -9.81
0.21 9.7837 -9.81
0.22 9.7626 -9.81
0.23 9.7405 -9.81
0.24 9.7175 -9.81
0.25 9.6934 -9.81
0.26 9.6684 -9.81
0.27 9.6424 -9.81
0.28 9.6154 -9.81
0.29 9.5875 -9.81
0.3 9.5586 -9.81
0.31 9.5286 -9.81
0.32 9.4977 -9.81
0.33 9.4658 -9.81
0.34 9.433 -9.81
0.35 9.3991 -9.81
0.36 9.3643 -9.81
0.37 9.3285 -9.81
0.38 9.2917 -9.81
0.39 9.2539 -9.81
0.4 9.2152 -9.81
0.41 9.1755 -9.81
0.42 9.1348 -9.81
0.43 9.0931 -9.81
0.44 9.0504 -9.81
0.45 9.0067 -9.81
0.46 8.9621 -9.81
0.47 8.9165 -9.81
0.48 8.8699 -9.81
0.49 8.8223 -9.81
0.5 8.7737 -9.81
0.51 8.7242 -9.81
0.52 8.6737 -9.81
0.53 8.6222 -9.81
0.54 8.5697 -9.81
0.55 8.5162 -9.81
0.56 8.4618 -9.81
0.57 8.4064 -9.81
0.58 8.35 -9.81
0.59 8.2926 -9.81
0.6 8.2342 -9.81
0.61 8.1748 -9.81
0.62 8.1145 -9.81
0.63 8.0532 -9.81
0.64 7.9909 -9.81
0.65 7.9276 -9.81
0.66 7.8634 -9.81
0.67 7.7981 -9.81
0.68 7.7319 -9.81
0.69 7.6647 -9.81
0.7 7.5965 -9.81
0.71 7.5274 -9.81
0.72 7.4572 -9.81
0.73 7.3861 -9.81
0.74 7.314 -9.81
0.75 7.2409 -9.81
0.76 7.1669 -9.81
0.77 7.0918 -9.81
0.78 7.0158 -9.81
0.79 6.9388 -9.81
0.8 6.8608 -9.81
0.81 6.7818 -9.81
0.82 6.7019 -9.81
0.83 6.6209 -9.81
0.84 6.539 -9.81
0.85 6.4561 -9.81
0.86 6.3723 -9.81
0.87 6.2874 -9.81
0.88 6.2016 -9.81
0.89 6.1147 -9.81
0.9 6.0269 -9.81
0.91 5.9382 -9.81
0.92 5.8484 -9.81
0.93 5.7577 -9.81
0.94 5.6659 -9.81
0.95 5.5732 -9.81
0.96 5.4796 -9.81
0.97 5.3849 -9.81
0.98 5.2892 -9.81
0.99 5.1926 -9.81
1 5.095 -9.81
1.01 4.9964 -9.81
1.02 4.8968 -9.81
1.03 4.7963 -9.81
1.04 4.6948 -9.81
1.05 4.5922 -9.81
1.06 4.4887 -9.81
1.07 4.3843 -9.81
1.08 4.2788 -9.81
1.09 4.1724 -9.81
1.1 4.0649 -9.81
1.11 3.9565 -9.81
1.12 3.8472 -9.81
1.13 3.7368 -9.81
1.14 3.6255 -9.81
1.15 3.5131 -9.81
1.16 3.3998 -9.81
1.17 3.2855 -9.81
1.18 3.1703 -9.81
1.19 3.054 -9.81
1.2 2.9368 -9.81
1.21 2.8186 -9.81
1.22 2.6994 -9.81
1.23 2.5792 -9.81
1.24 2.4581 -9.81
1.25 2.3359 -9.81
1.26 2.2128 -9.81
1.27 2.0887 -9.81
1.28 1.9636 -9.81
1.29 1.8376 -9.81
1.3 1.7105 -9.81
1.31 1.5825 -9.81
1.32 1.4535 -9.81
1.33 1.3235 -9.81
1.34 1.1926 -9.81
1.35 1.0606 -9.81
1.36 0.92771 -9.81
1.37 0.79381 -9.81
1.38 0.65892 -9.81
1.39 0.52305 -9.81
1.4 0.3862 -9.81
1.41 0.24837 -9.81
1.42 0.10956 -9.81
1.43 -0.030235 -9.81
1.44 -0.17101 -9.81
1.45 -0.31276 -9.81
1.46 -0.4555 -9.81
1.47 -0.59921 -9.81
1.48 -0.74391 -9.81
1.49 -0.88959 -9.81
1.5 -1.0363 -9.81
1.51 -1.1839 -9.81
1.52 -1.3325 -9.81
1.53 -1.4821 -9.81
1.54 -1.6327 -9.81
1.55 -1.7843 -9.81
1.56 -1.9368 -9.81
1.57 -2.0903 -9.81
1.58 -2.2448 -9.81
1.59 -2.4003 -9.81
1.6 -2.5568 -9.81
1.61 -2.7143 -9.81
1.62 -2.8727 -9.81
1.63 -3.0321 -9.81
1.64 -3.1925 -9.81
1.65 -3.3539 -9.81
1.66 -3.5162 -9.81
1.67 -3.6796 -9.81
1.68 -3.8439 -9.81
1.69 -4.0092 -9.81
1.7 -4.1755 -9.81
1.71 -4.3427 -9.81
1.72 -4.511 -9.81
1.73 -4.6802 -9.81
1.74 -4.8504 -9.81
1.75 -5.0216 -9.81
1.76 -5.1937 -9.81
1.77 -5.3669 -9.81
1.78 -5.541 -9.81
1.79 -5.7161 -9.81
1.8 -5.8922 -9.81
1.81 -6.0693 -9.81
1.82 -6.2473 -9.81
1.83 -6.4264 -9.81
1.84 -6.6064 -9.81
1.85 -6.7874 -9.81
1.86 -6.9693 -9.81
1.87 -7.1523 -9.81
1.88 -7.3362 -9.81
1.89 -7.5212 -9.81
1.9 -7.7071 -9.81
1.91 -7.8939 -9.81
1.92 -8.0818 -9.81
1.93 -8.2706 -9.81
1.94 -8.4605 -9.81
1.95 -8.6513 -9.81
1.96 -8.843 -9.81
1.97 -9.0358 -9.81
1.98 -9.2296 -9.81
1.99 -9.4243 -9.81
2 -9.62 -9.81
2 -9.62 -9.81
2.01 -9.4592 -9.8414
2.02 -9.2994 -9.864
2.03 -9.1405 -9.8777
2.04 -8.9826 -9.8825
2.05 -8.8257 -9.8783
2.06 -8.6698 -9.8653
2.07 -8.5149 -9.8434
2.08 -8.361 -9.8127
2.09 -8.208 -9.7731
2.1 -8.056 -9.7247
2.11 -7.905 -9.6676
2.12 -7.755 -9.6018
2.13 -7.606 -9.5274
2.14 -7.4579 -9.4444
2.15 -7.3108 -9.353
2.16 -7.1647 -9.2532
2.17 -7.0196 -9.1451
2.18 -6.8755 -9.0288
2.19 -6.7323 -8.9045
2.2 -6.5901 -8.7723
2.21 -6.449 -8.6323
2.22 -6.3087 -8.4847
2.23 -6.1695 -8.3295
2.24 -6.0313 -8.167
2.25 -5.894 -7.9973
2.26 -5.7577 -7.8206
2.27 -5.6224 -7.6371
2.28 -5.4881 -7.4469
2.29 -5.3547 -7.2502
2.3 -5.2224 -7.0473
2.31 -5.091 -6.8383
2.32 -4.9606 -6.6234
2.33 -4.8312 -6.4029
2.34 -4.7027 -6.177
2.35 -4.5753 -5.9459
2.36 -4.4488 -5.7098
2.37 -4.3233 -5.469
2.38 -4.1988 -5.2237
2.39 -4.0752 -4.9742
2.4 -3.9527 -4.7206
2.41 -3.8311 -4.4634
2.42 -3.7105 -4.2026
2.43 -3.5909 -3.9386
2.44 -3.4723 -3.6717
2.45 -3.3546 -3.4021
2.46 -3.238 -3.1301
2.47 -3.1223 -2.8559
2.48 -3.0076 -2.5798
2.49 -2.8939 -2.3021
2.5 -2.7811 -2.0231
2.51 -2.6694 -1.7431
2.52 -2.5586 -1.4623
2.53 -2.4488 -1.1811
2.54 -2.34 -0.89959
2.55 -2.2321 -0.6182
2.56 -2.1253 -0.33717
2.57 -2.0194 -0.056787
2.58 -1.9145 0.22267
2.59 -1.8106 0.50093
2.6 -1.7076 0.7777
2.61 -1.6057 1.0527
2.62 -1.5047 1.3257
2.63 -1.4047 1.5964
2.64 -1.3057 1.8645
2.65 -1.2077 2.1297
2.66 -1.1106 2.3919
2.67 -1.0146 2.6506
2.68 -0.91949 2.9058
2.69 -0.82539 3.157
2.7 -0.73226 3.4041
2.71 -0.64012 3.6469
2.72 -0.54896 3.885
2.73 -0.45878 4.1182
2.74 -0.36958 4.3463
2.75 -0.28136 4.5692
2.76 -0.19412 4.7864
2.77 -0.10787 4.9979
2.78 -0.022594 5.2034
2.79 0.061701 5.4028
2.8 0.14501 5.5957
2.81 0.22735 5.7821
2.82 0.3087 5.9617
2.83 0.38907 6.1344
2.84 0.46846 6.2999
2.85 0.54686 6.4582
2.86 0.62429 6.609
2.87 0.70074 6.7523
2.88 0.7762 6.8878
2.89 0.85069 7.0154
2.9 0.92419 7.1351
2.91 0.99671 7.2466
2.92 1.0683 7.3499
2.93 1.1388 7.4449
2.94 1.2084 7.5314
2.95 1.277 7.6095
2.96 1.3446 7.6789
2.97 1.4112 7.7397
2.98 1.4769 7.7918
2.99 1.5416 7.8351
3 1.6053 7.8696
3.01 1.668 7.8952
3.02 1.7297 7.9119
3.03 1.7905 7.9198
3.04 1.8502 7.9188
3.05 1.909 7.9088
3.06 1.9668 7.89
3.07 2.0237 7.8623
3.08 2.0795 7.8258
3.09 2.1344 7.7804
3.1 2.1882 7.7263
3.11 2.2411 7.6635
3.12 2.2931 7.5921
3.13 2.344 7.5121
3.14 2.394 7.4235
3.15 2.4429 7.3266
3.16 2.4909 7.2214
3.17 2.538 7.108
3.18 2.584 6.9864
3.19 2.629 6.857
3.2 2.6731 6.7196
3.21 2.7162 6.5746
3.22 2.7583 6.422
3.23 2.7995 6.262
3.24 2.8396 6.0948
3.25 2.8788 5.9205
3.26 2.917 5.7393
3.27 2.9542 5.5514
3.28 2.9904 5.357
3.29 3.0256 5.1562
3.3 3.0599 4.9492
3.31 3.0932 4.7364
3.32 3.1255 4.5178
3.33 3.1568 4.2938
3.34 3.1871 4.0644
3.35 3.2165 3.83
3.36 3.2449 3.5908
3.37 3.2723 3.347
3.38 3.2987 3.099
3.39 3.3241 2.8468
3.4 3.3486 2.5908
3.41 3.372 2.3312
3.42 3.3945 2.0683
3.43 3.416 1.8024
3.44 3.4366 1.5336
3.45 3.4561 1.2624
3.46 3.4747 0.98893
3.47 3.4923 0.71348
3.48 3.5089 0.43634
3.49 3.5245 0.15778
3.5 3.5392 -0.12192
3.51 3.5528 -0.40248
3.52 3.5655 -0.68362
3.53 3.5772 -0.96505
3.54 3.5879 -1.2465
3.55 3.5977 -1.5277
3.56 3.6064 -1.8083
3.57 3.6142 -2.0881
3.58 3.621 -2.3668
3.59 3.6268 -2.6442
3.6 3.6316 -2.9198
3.61 3.6355 -3.1935
3.62 3.6384 -3.465
3.63 3.6402 -3.734
3.64 3.6412 -4.0003
3.65 3.6411 -4.2636
3.66 3.64 -4.5235
3.67 3.638 -4.78
3.68 3.635 -5.0326
3.69 3.631 -5.2812
3.7 3.626 -5.5254
3.71 3.62 -5.7652
3.72 3.6131 -6.0001
3.73 3.6052 -6.23
3.74 3.5963 -6.4547
3.75 3.5864 -6.6739
3.76 3.5755 -6.8874
3.77 3.5637 -7.095
3.78 3.5509 -7.2965
3.79 3.5371 -7.4917
3.8 3.5223 -7.6804
3.81 3.5065 -7.8623
3.82 3.4898 -8.0374
3.83 3.472 -8.2055
3.84 3.4533 -8.3663
3.85 3.4336 -8.5197
3.86 3.413 -8.6656
3.87 3.3913 -8.8038
3.88 3.3687 -8.9342
3.89 3.3451 -9.0566
3.9 3.3205 -9.1709
3.91 3.2949 -9.2771
3.92 3.2683 -9.375
3.93 3.2408 -9.4645
3.94 3.2123 -9.5454
3.95 3.1828 -9.6179
3.96 3.1523 -9.6817
3.97 3.1208 -9.7368
3.98 3.0884 -9.7831
3.99 3.0549 -9.8206
4 3.0205 -9.8493
4.01 2.9851 -9.8692
4.02 2.9488 -9.8801
4.03 2.9114 -9.8821
4.04 2.8731 -9.8753
4.05 2.8338 -9.8595
4.06 2.7935 -9.8349
4.07 2.7522 -9.8014
4.08 2.71 -9.7591
4.09 2.6667 -9.708
4.1 2.6225 -9.6482
4.11 2.5773 -9.5798
4.12 2.5311 -9.5027
4.13 2.484 -9.4171
4.14 2.4358 -9.3231
4.15 2.3867 -9.2207
4.16 2.3366 -9.1101
4.17 2.2855 -8.9914
4.18 2.2335 -8.8646
4.19 2.1804 -8.73
4.2 2.1264 -8.5876
4.21 2.0714 -8.4376
4.22 2.0154 -8.2802
4.23 1.9584 -8.1155
4.24 1.9005 -7.9436
4.25 1.8415 -7.7648
4.26 1.7816 -7.5792
4.27 1.7207 -7.3869
4.28 1.6589 -7.1883
4.29 1.596 -6.9835
4.3 1.5322 -6.7727
4.31 1.4673 -6.5561
4.32 1.4015 -6.3339
4.33 1.3348 -6.1063
4.34 1.267 -5.8736
4.35 1.1983 -5.6361
4.36 1.1285 -5.3939
4.37 1.0578 -5.1472
4.38 0.98615 -4.8964
4.39 0.91349 -4.6417
4.4 0.83984 -4.3834
4.41 0.76521 -4.1216
4.42 0.6896 -3.8567
4.43 0.61301 -3.5889
4.44 0.53544 -3.3185
4.45 0.45689 -3.0458
4.46 0.37736 -2.771
4.47 0.29685 -2.4944
4.48 0.21535 -2.2163
4.49 0.13288 -1.9369
4.5 0.049418 -1.6566
4.51 -0.03502 -1.3757
4.52 -0.12044 -1.0943
4.53 -0.20684 -0.81283
4.54 -0.29422 -0.53152
4.54 -0.29422 -0.53152
4.55 0.44735 -0.35409
4.56 1.1879 -0.17728
4.57 1.9276 -0.0012786
4.58 2.6662 0.17375
4.59 3.4038 0.34761
4.6 4.1405 0.52016
4.61 4.8762 0.69119
4.62 5.6109 0.86056
4.63 6.3446 1.0281
4.64 7.0773 1.1936
4.65 7.8091 1.3569
4.66 8.5399 1.518
4.67 9.2697 1.6765
4.68 9.9985 1.8323
4.69 10.726 1.9853
4.7 11.453 2.1354
4.71 12.179 2.2824
4.72 12.904 2.4261
4.73 13.628 2.5663
4.74 14.351 2.7031
4.75 15.073 2.8361
4.76 15.794 2.9654
4.77 16.514 3.0907
4.78 17.233 3.2119
4.79 17.951 3.3289
4.8 18.668 3.4416
4.81 19.384 3.5499
4.82 20.099 3.6537
4.83 20.813 3.7528
4.84 21.526 3.8472
4.85 22.238 3.9368
4.86 22.949 4.0214
4.87 23.66 4.1011
4.88 24.369 4.1756
4.89 25.077 4.2451
4.9 25.784 4.3092
4.91 26.491 4.3681
4.92 27.196 4.4217
4.93 27.9 4.4698
4.94 28.603 4.5125
4.95 29.306 4.5497
4.96 30.007 4.5814
4.97 30.707 4.6075
4.98 31.407 4.628
4.99 32.105 4.6429
5 32.803 4.6522
5.01 33.499 4.6559
5.02 34.195 4.6539
5.03 34.889 4.6463
5.04 35.583 4.633
5.05 36.275 4.6142
5.06 36.967 4.5897
5.07 37.657 4.5597
5.08 38.347 4.5242
5.09 39.035 4.4831
5.1 39.723 4.4366
5.11 40.41 4.3846
5.12 41.095 4.3273
5.13 41.78 4.2647
5.14 42.464 4.1968
5.15 43.146 4.1238
5.16 43.828 4.0456
5.17 44.509 3.9625
5.18 45.189 3.8744
5.19 45.867 3.7814
5.2 46.545 3.6837
5.21 47.222 3.5813
5.22 47.898 3.4743
5.23 48.573 3.3629
5.24 49.247 3.2471
5.25 49.92 3.1272
5.26 50.591 3.0031
5.27 51.262 2.875
5.28 51.932 2.7431
5.29 52.601 2.6074
5.3 53.269 2.4682
5.31 53.936 2.3255
5.32 54.602 2.1795
5.33 55.267 2.0303
5.34 55.931 1.8781
5.35 56.595 1.7231
5.36 57.257 1.5654
5.37 57.918 1.4051
5.38 58.578 1.2424
5.39 59.237 1.0775
5.4 59.895 0.9106
5.41 60.553 0.74176
5.42 61.209 0.5712
5.43 61.864 0.39909
5.44 62.518 0.2256
5.45 63.172 0.050897
5.46 63.824 -0.12483
5.47 64.475 -0.30142
5.48 65.125 -0.47869
5.49 65.775 -0.65645
5.5 66.423 -0.83455
5.51 67.071 -1.0128
5.52 67.717 -1.191
5.53 68.362 -1.369
5.54 69.007 -1.5466
5.55 69.65 -1.7236
5.56 70.293 -1.8999
5.57 70.934 -2.0753
5.58 71.575 -2.2496
5.59 72.214 -2.4226
5.6 72.853 -2.5942
5.61 73.491 -2.7642
5.62 74.127 -2.9324
5.63 74.763 -3.0986
5.64 75.397 -3.2627
5.65 76.031 -3.4245
5.66 76.664 -3.5839
5.67 77.296 -3.7407
5.68 77.926 -3.8947
5.69 78.556 -4.0459
5.7 79.185 -4.1939
5.71 79.812 -4.3387
5.72 80.439 -4.4802
5.73 81.065 -4.6182
5.74 81.69 -4.7525
5.75 82.314 -4.8831
5.76 82.937 -5.0098
5.77 83.559 -5.1324
5.78 84.179 -5.2509
5.79 84.799 -5.3651
5.8 85.418 -5.475
5.81 86.036 -5.5803
5.82 86.653 -5.6811
5.83 87.269 -5.7771
5.84 87.884 -5.8683
5.85 88.498 -5.9547
5.86 89.111 -6.0361
5.87 89.723 -6.1124
5.88 90.335 -6.1836
5.89 90.945 -6.2496
5.9 91.554 -6.3104
5.91 92.162 -6.3658
5.92 92.769 -6.4158
5.93 93.375 -6.4604
5.94 93.981 -6.4995
5.95 94.585 -6.5331
5.96 95.188 -6.5611
5.97 95.79 -6.5836
5.98 96.392 -6.6004
5.99 96.992 -6.6117
6 97.591 -6.6173
6.01 98.19 -6.6172
6.02 98.787 -6.6116
6.03 99.383 -6.6003
6.04 99.979 -6.5834
6.05 100.57 -6.5608
6.06 101.17 -6.5327
6.07 101.76 -6.4991
6.08 102.35 -6.4599
6.09 102.94 -6.4153
6.1 103.53 -6.3652
6.11 104.12 -6.3097
6.12 104.71 -6.249
6.13 105.29 -6.1829
6.14 105.88 -6.1116
6.15 106.46 -6.0352
6.16 107.05 -5.9538
6.17 107.63 -5.8674
6.18 108.21 -5.7761
6.19 108.79 -5.68
6.2 109.37 -5.5792
6.21 109.95 -5.4738
6.22 110.53 -5.3639
6.23 111.1 -5.2497
6.24 111.68 -5.1311
6.25 112.26 -5.0084
6.26 112.83 -4.8817
6.27 113.4 -4.7511
6.28 113.97 -4.6167
6.29 114.54 -4.4787
6.3 115.11 -4.3372
6.31 115.68 -4.1923
6.32 116.25 -4.0442
6.33 116.82 -3.8931
6.34 117.38 -3.739
6.35 117.95 -3.5822
6.36 118.51 -3.4228
6.37 119.08 -3.261
6.38 119.64 -3.0968
6.39 120.2 -2.9306
6.4 120.76 -2.7624
6.41 121.32 -2.5924
6.42 121.88 -2.4208
6.43 122.43 -2.2477
6.44 122.99 -2.0734
6.45 123.55 -1.8981
6.46 124.1 -1.7217
6.47 124.65 -1.5447
6.48 125.21 -1.3671
6.49 125.76 -1.1891
6.5 126.31 -1.0109
6.51 126.86 -0.83263
6.52 127.4 -0.65454
6.53 127.95 -0.47678
6.54 128.5 -0.29952
6.55 129.04 -0.12294
6.56 129.59 0.052782
6.57 130.13 0.22747
6.58 130.67 0.40095
6.59 131.22 0.57304
6.6 131.76 0.74359
6.61 132.3 0.9124
6.62 132.83 1.0793
6.63 133.37 1.2442
6.64 133.91 1.4068
6.65 134.44 1.5671
6.66 134.98 1.7248
6.67 135.51 1.8798
6.68 136.04 2.0319
6.69 136.58 2.1811
6.7 137.11 2.327
6.71 137.64 2.4697
6.72 138.16 2.6089
6.73 138.69 2.7445
6.74 139.22 2.8764
6.75 139.74 3.0044
6.76 140.27 3.1285
6.77 140.79 3.2484
6.78 141.32 3.3641
6.79 141.84 3.4755
6.8 142.36 3.5824
6.81 142.88 3.6847
6.82 143.4 3.7824
6.83 143.92 3.8753
6.84 144.43 3.9634
6.85 144.95 4.0465
6.86 145.46 4.1246
6.87 145.98 4.1976
6.88 146.49 4.2654
6.89 147 4.328
6.9 147.51 4.3852
6.91 148.02 4.4371
6.92 148.53 4.4836
6.93 149.04 4.5246
6.94 149.55 4.5601
6.95 150.05 4.59
6.96 150.56 4.6144
6.97 151.06 4.6332
6.98 151.57 4.6464
6.99 152.07 4.654
7 152.57 4.6559
7.01 153.07 4.6522
7.02 153.57 4.6428
7.03 154.07 4.6278
7.04 154.56 4.6073
7.05 155.06 4.5811
7.06 155.56 4.5494
7.07 156.05 4.5121
7.08 156.54 4.4693
7.09 157.04 4.4211
7.1 157.53 4.3675
7.11 158.02 4.3086
7.12 158.51 4.2443
7.13 159 4.1749
7.14 159.48 4.1002
7.15 159.97 4.0205
7.16 160.46 3.9358
7.17 160.94 3.8462
7.18 161.42 3.7518
7.19 161.91 3.6526
7.2 162.39 3.5488
7.21 162.87 3.4404
7.22 163.35 3.3277
7.23 163.83 3.2106
7.24 164.3 3.0893
7.25 164.78 2.964
7.26 165.26 2.8347
7.27 165.73 2.7016
7.28 166.21 2.5649
7.29 166.68 2.4245
7.3 167.15 2.2808
7.31 167.62 2.1338
7.32 168.09 1.9837
7.33 168.56 1.8306
7.34 169.03 1.6748
7.35 169.49 1.5162
7.36 169.96 1.3552
7.37 170.43 1.1918
7.38 170.89 1.0263
7.39 171.35 0.85875
7.4 171.81 0.68936
7.41 172.28 0.51831
7.42 172.74 0.34575
7.43 173.19 0.17187
7.44 173.65 -0.0031676
7.45 174.11 -0.17918
7.46 174.57 -0.356
7.47 175.02 -0.53344
7.48 175.47 -0.71132
7.49 175.93 -0.88948
7.5 176.38 -1.0677
7.51 176.83 -1.2459
7.52 177.28 -1.4238
7.53 177.73 -1.6012
7.54 178.18 -1.7781
7.55 178.63 -1.9541
7.56 179.07 -2.1292
7.57 179.52 -2.3031
7.58 179.96 -2.4757
7.59 180.41 -2.6468
7.6 180.85 -2.8162
7.61 181.29 -2.9838
7.62 181.73 -3.1494
7.63 182.17 -3.3128
7.64 182.61 -3.4739
7.65 183.05 -3.6325
7.66 183.48 -3.7885
7.67 183.92 -3.9416
7.68 184.35 -4.0918
7.69 184.79 -4.2389
7.7 185.22 -4.3827
7.71 185.65 -4.5231
7.72 186.08 -4.66
7.73 186.51 -4.7932
7.74 186.94 -4.9226
7.75 187.37 -5.048
7.76 187.79 -5.1694
7.77 188.22 -5.2866
7.78 188.64 -5.3995
7.79 189.07 -5.5079
7.8 189.49 -5.6119
7.81 189.91 -5.7112
7.82 190.33 -5.8057
7.83 190.75 -5.8955
7.84 191.17 -5.9803
7.85 191.59 -6.0602
7.86 192.01 -6.1349
7.87 192.42 -6.2045
7.88 192.84 -6.2689
7.89 193.25 -6.328
7.9 193.66 -6.3818
7.91 194.07 -6.4301
7.92 194.49 -6.473
7.93 194.9 -6.5104
7.94 195.3 -6.5423
7.95 195.71 -6.5686
7.96 196.12 -6.5894
7.97 196.53 -6.6045
7.98 196.93 -6.614
7.99 197.34 -6.6178
8 197.74 -6.6161
8.01 198.14 -6.6087
8.02 198.54 -6.5957
8.03 198.94 -6.577
8.04 199.34 -6.5528
8.05 199.74 -6.523
8.06 200.14 -6.4876
8.07 200.53 -6.4467
8.08 200.93 -6.4004
8.09 201.32 -6.3487
8.1 201.72 -6.2916
8.11 202.11 -6.2292
8.12 202.5 -6.1615
8.13 202.89 -6.0886
8.14 203.28 -6.0107
8.15 203.67 -5.9277
8.16 204.05 -5.8398
8.17 204.44 -5.747
8.18 204.83 -5.6494
8.19 205.21 -5.5472
8.2 205.59 -5.4404
8.21 205.98 -5.3292
8.22 206.36 -5.2136
8.23 206.74 -5.0937
8.24 207.12 -4.9698
8.25 207.5 -4.8419
8.26 207.88 -4.7101
8.27 208.25 -4.5746
8.28 208.63 -4.4355
8.29 209 -4.2929
8.3 209.38 -4.147
8.31 209.75 -3.998
8.32 210.12 -3.8459
8.33 210.49 -3.691
8.34 210.86 -3.5334
8.35 211.23 -3.3732
8.36 211.6 -3.2106
8.37 211.96 -3.0458
8.38 212.33 -2.8789
8.39 212.7 -2.7101
8.4 213.06 -2.5397
8.41 213.42 -2.3676
8.42 213.78 -2.1941
8.43 214.14 -2.0195
8.44 214.5 -1.8438
8.45 214.86 -1.6672
8.46 215.22 -1.49
8.47 215.58 -1.3122
8.48 215.93 -1.1342
8.49 216.29 -0.95592
8.5 216.64 -0.77771
8.51 217 -0.5997
8.52 217.35 -0.42208
8.53 217.7 -0.24501
8.54 218.05 -0.068675
8.55 218.4 0.10675
8.56 218.75 0.28108
8.57 219.09 0.45415
8.58 219.44 0.62578
8.59 219.79 0.79581
8.6 220.13 0.96407
8.61 220.47 1.1304
8.62 220.82 1.2946
8.63 221.16 1.4565
8.64 221.5 1.616
8.65 221.84 1.7729
8.66 222.18 1.927
8.67 222.51 2.0782
8.68 222.85 2.2264
8.69 223.18 2.3713
8.7 223.52 2.513
8.71 223.85 2.6511
8.72 224.19 2.7855
8.73 224.52 2.9163
8.74 224.85 3.0431
8.75 225.18 3.1659
8.76 225.51 3.2845
8.77 225.83 3.3989
8.78 226.16 3.5089
8.79 226.49 3.6144
8.8 226.81 3.7153
8.81 227.13 3.8116
8.82 227.46 3.903
8.83 227.78 3.9895
8.84 228.1 4.0711
8.85 228.42 4.1477
8.86 228.74 4.219
8.87 229.05 4.2852
8.88 229.37 4.3462
8.89 229.69 4.4018
8.9 230 4.452
8.91 230.32 4.4968
8.92 230.63 4.5361
8.93 230.94 4.5699
8.94 231.25 4.5982
8.95 231.56 4.6208
8.96 231.87 4.6379
8.97 232.18 4.6493
8.98 232.49 4.6551
8.99 232.79 4.6553
9 233.1 4.6499
9.01 233.4 4.6388
9.02 233.7 4.6221
9.03 234.01 4.5998
9.04 234.31 4.5719
9.05 234.61 4.5385
9.06 234.91 4.4995
9.07 235.2 4.4551
9.08 235.5 4.4052
9.09 235.8 4.3499
9.1 236.09 4.2893
9.11 236.39 4.2235
9.12 236.68 4.1524
9.13 236.97 4.0762
9.14 237.26 3.995
9.15 237.55 3.9087
9.16 237.84 3.8176
9.17 238.13 3.7217
9.18 238.42 3.6211
9.19 238.71 3.5159
9.2 238.99 3.4061
9.21 239.28 3.292
9.22 239.56 3.1737
9.23 239.84 3.0511
9.24 240.12 2.9246
9.25 240.4 2.7941
9.26 240.68 2.6599
9.27 240.96 2.522
9.28 241.24 2.3806
9.29 241.52 2.2358
9.3 241.79 2.0879
9.31 242.07 1.9368
9.32 242.34 1.7829
9.33 242.61 1.6262
9.34 242.88 1.4669
9.35 243.15 1.3051
9.36 243.42 1.141
9.37 243.69 0.97486
9.38 243.96 0.80673
9.39 244.23 0.63681
9.4 244.49 0.46527
9.41 244.76 0.29229
9.42 245.02 0.11803
9.43 245.28 -0.057325
9.44 245.55 -0.2336
9.45 245.81 -0.41063
9.46 246.07 -0.58823
9.47 246.33 -0.76622
9.48 246.58 -0.94442
9.49 246.84 -1.1227
9.5 247.1 -1.3008
9.51 247.35 -1.4785
9.52 247.61 -1.6558
9.53 247.86 -1.8324
9.54 248.11 -2.0082
9.55 248.36 -2.1829
9.56 248.61 -2.3564
9.57 248.86 -2.5286
9.58 249.11 -2.6992
9.59 249.36 -2.8681
9.6 249.6 -3.0351
9.61 249.85 -3.2
9.62 250.09 -3.3628
9.63 250.34 -3.5231
9.64 250.58 -3.6809
9.65 250.82 -3.836
9.66 251.06 -3.9883
9.67 251.3 -4.1375
9.68 251.54 -4.2836
9.69 251.77 -4.4264
9.7 252.01 -4.5657
9.71 252.25 -4.7015
9.72 252.48 -4.8335
9.73 252.71 -4.9617
9.74 252.95 -5.0859
9.75 253.18 -5.206
9.76 253.41 -5.3218
9.77 253.64 -5.4334
9.78 253.87 -5.5404
9.79 254.09 -5.643
9.8 254.32 -5.7408
9.81 254.55 -5.8339
9.82 254.77 -5.9222
9.83 254.99 -6.0055
9.84 255.22 -6.0838
9.85 255.44 -6.1569
9.86 255.66 -6.2249
9.87 255.88 -6.2877
9.88 256.1 -6.3452
9.89 256.32 -6.3972
9.9 256.53 -6.4439
9.91 256.75 -6.4851
9.92 256.96 -6.5208
9.93 257.18 -6.551
9.94 257.39 -6.5756
9.95 257.6 -6.5946
9.96 257.81 -6.608
9.97 258.02 -6.6158
9.98 258.23 -6.6179
9.99 258.44 -6.6144
10 258.65 -6.6053
10.01 258.85 -6.5905
10.02 259.06 -6.5701
10.03 259.26 -6.5442
10.04 259.46 -6.5126
10.05 259.67 -6.4756
10.06 259.87 -6.433
10.07 260.07 -6.385
10.08 260.27 -6.3316
10.09 260.46 -6.2729
10.1 260.66 -6.2088
10.11 260.86 -6.1396
10.12 261.05 -6.0651
10.13 261.25 -5.9856
10.14 261.44 -5.9011
10.15 261.63 -5.8117
10.16 261.82 -5.7174
10.17 262.01 -5.6184
10.18 262.2 -5.5148
10.19 262.39 -5.4066
10.2 262.58 -5.294
10.21 262.76 -5.1771
10.22 262.95 -5.056
10.23 263.13 -4.9308
10.24 263.32 -4.8017
10.25 263.5 -4.6687
10.26 263.68 -4.5321
10.27 263.86 -4.3919
10.28 264.04 -4.2483
10.29 264.22 -4.1014
10.3 264.4 -3.9514
10.31 264.57 -3.7985
10.32 264.75 -3.6427
10.33 264.92 -3.4842
10.34 265.1 -3.3233
10.35 265.27 -3.16
10.36 265.44 -2.9946
10.37 265.61 -2.8271
10.38 265.78 -2.6578
10.39 265.95 -2.4868
10.4 266.12 -2.3143
10.41 266.28 -2.1404
10.42 266.45 -1.9654
10.43 266.62 -1.7895
10.44 266.78 -1.6127
10.45 266.94 -1.4353
10.46 267.1 -1.2574
10.47 267.26 -1.0792
10.48 267.42 -0.90098
10.49 267.58 -0.72281
10.5 267.74 -0.5449
10.51 267.9 -0.36743
10.52 268.05 -0.19057
10.53 268.21 -0.014499
10.54 268.36 0.1606
10.55 268.52 0.33457
10.56 268.67 0.50721
10.57 268.82 0.67837
10.58 268.97 0.84787
10.59 269.12 1.0155
10.6 269.27 1.1812
10.61 269.41 1.3447
10.62 269.56 1.5059
10.63 269.7 1.6646
10.64 269.85 1.8207
10.65 269.99 1.9739
10.66 270.13 2.1242
10.67 270.27 2.2714
10.68 270.41 2.4154
10.69 270.55 2.5559
10.7 270.69 2.6929
10.71 270.83 2.8262
10.72 270.97 2.9558
10.73 271.1 3.0814
10.74 271.24 3.2029
10.75 271.37 3.3202
10.76 271.5 3.4333
10.77 271.63 3.5419
10.78 271.76 3.646
10.79 271.89 3.7455
10.8 272.02 3.8403
10.81 272.15 3.9302
10.82 272.27 4.0152
10.83 272.4 4.0953
10.84 272.52 4.1702
10.85 272.65 4.24
10.86 272.77 4.3046
10.87 272.89 4.3639
10.88 273.01 4.4178
10.89 273.13 4.4664
10.9 273.25 4.5095
10.91 273.37 4.5471
10.92 273.49 4.5792
10.93 273.6 4.6057
10.94 273.72 4.6267
10.95 273.83 4.642
10.96 273.94 4.6517
10.97 274.05 4.6558
10.98 274.17 4.6543
10.99 274.28 4.6471
11 274.38 4.6342
11.01 274.49 4.6158
11.02 274.6 4.5918
11.03 274.7 4.5622
11.04 274.81 4.527
11.05 274.91 4.4864
11.06 275.02 4.4403
11.07 275.12 4.3887
11.08 275.22 4.3318
11.09 275.32 4.2696
11.1 275.42 4.2021
11.11 275.52 4.1295
11.12 275.61 4.0517
11.13 275.71 3.9689
11.14 275.8 3.8812
11.15 275.9 3.7886
11.16 275.99 3.6912
11.17 276.08 3.5891
11.18 276.17 3.4825
11.19 276.27 3.3714
11.2 276.35 3.256
11.21 276.44 3.1363
11.22 276.53 3.0125
11.23 276.62 2.8848
11.24 276.7 2.7531
11.25 276.79 2.6177
11.26 276.87 2.4788
11.27 276.95 2.3363
11.28 277.03 2.1906
11.29 277.11 2.0416
11.3 277.19 1.8897
11.31 277.27 1.7349
11.32 277.35 1.5773
11.33 277.42 1.4172
11.34 277.5 1.2548
11.35 277.57 1.09
11.36 277.65 0.92324
11.37 277.72 0.75453
11.38 277.79 0.5841
11.39 277.86 0.4121
11.4 277.93 0.2387
11.41 278 0.064089
11.42 278.07 -0.11157
11.43 278.14 -0.2881
11.44 278.2 -0.46532
11.45 278.27 -0.64306
11.46 278.33 -0.82113
11.47 278.39 -0.99936
11.48 278.45 -1.1776
11.49 278.51 -1.3556
11.5 278.57 -1.5332
11.51 278.63 -1.7103
11.52 278.69 -1.8867
11.53 278.75 -2.0622
11.54 278.8 -2.2365
11.55 278.86 -2.4097
11.56 278.91 -2.5814
11.57 278.97 -2.7514
11.58 279.02 -2.9198
11.59 279.07 -3.0861
11.6 279.12 -3.2504
11.61 279.17 -3.4124
11.62 279.22 -3.572
11.63 279.26 -3.729
11.64 279.31 -3.8832
11.65 279.35 -4.0346
11.66 279.4 -4.1829
11.67 279.44 -4.3279
11.68 279.48 -4.4697
11.69 279.52 -4.6079
11.7 279.56 -4.7426
11.71 279.6 -4.8734
11.72 279.64 -5.0004
11.73 279.68 -5.1233
11.74 279.71 -5.2421
11.75 279.75 -5.3567
11.76 279.78 -5.4669
11.77 279.82 -5.5725
11.78 279.85 -5.6736
11.79 279.88 -5.77
11.8 279.91 -5.8616
11.81 279.94 -5.9484
11.82 279.97 -6.0301
11.83 280 -6.1069
11.84 280.02 -6.1785
11.85 280.05 -6.2448
11.86 280.07 -6.306
11.87 280.1 -6.3618
11.88 280.12 -6.4122
11.89 280.14 -6.4572
11.9 280.16 -6.4967
11.91 280.18 -6.5307
11.92 280.2 -6.5592
11.93 280.22 -6.5821
11.94 280.23 -6.5993
11.95 280.25 -6.611
11.96 280.26 -6.617
11.97 280.28 -6.6174
11.98 280.29 -6.6122
11.99 280.3 -6.6013
12 280.31 -6.5848
12.01 280.32 -6.5627
12.02 280.33 -6.535
12.03 280.34 -6.5018
12.04 280.35 -6.4631
12.05 280.35 -6.4188
12.06 280.36 -6.3692
12.07 280.36 -6.3141
12.08 280.36 -6.2537
12.09 280.36 -6.1881
12.1 280.37 -6.1172
12.11 280.37 -6.0412
12.12 280.36 -5.9601
12.13 280.36 -5.8741
12.14 280.36 -5.7831
12.15 280.36 -5.6874
12.16 280.35 -5.587
12.17 280.34 -5.4819
12.18 280.34 -5.3724
12.19 280.33 -5.2584
12.2 280.32 -5.1402
12.21 280.31 -5.0178
12.22 280.3 -4.8914
12.23 280.29 -4.7611
12.24 280.28 -4.627
12.25 280.26 -4.4892
12.26 280.25 -4.348
12.27 280.23 -4.2033
12.28 280.21 -4.0555
12.29 280.2 -3.9046
12.3 280.18 -3.7507
12.31 280.16 -3.5941
12.32 280.14 -3.4349
12.33 280.12 -3.2732
12.34 280.09 -3.1093
12.35 280.07 -2.9432
12.36 280.05 -2.7751
12.37 280.02 -2.6052
12.38 279.99 -2.4338
12.39 279.97 -2.2608
12.4 279.94 -2.0866
12.41 279.91 -1.9113
12.42 279.88 -1.735
12.43 279.85 -1.558
12.44 279.81 -1.3805
12.45 279.78 -1.2025
12.46 279.75 -1.0243
12.47 279.71 -0.84605
12.48 279.67 -0.66794
12.49 279.64 -0.49015
12.5 279.6 -0.31284
12.51 279.56 -0.13621
12.52 279.52 0.039585
12.53 279.48 0.21436
12.54 279.43 0.38793
12.55 279.39 0.56014
12.56 279.35 0.7308
12.57 279.3 0.89976
12.58 279.26 1.0668
12.59 279.21 1.2319
12.6 279.16 1.3947
12.61 279.11 1.5551
12.62 279.06 1.713
12.63 279.01 1.8682
12.64 278.96 2.0206
12.65 278.91 2.1699
12.66 278.85 2.3161
12.67 278.8 2.459
12.68 278.74 2.5985
12.69 278.68 2.7344
12.7 278.63 2.8666
12.71 278.57 2.9949
12.72 278.51 3.1193
12.73 278.45 3.2395
12.74 278.38 3.3556
12.75 278.32 3.4672
12.76 278.26 3.5745
12.77 278.19 3.6772
12.78 278.13 3.7752
12.79 278.06 3.8685
12.8 277.99 3.9569
12.81 277.92 4.0404
12.82 277.85 4.1189
12.83 277.78 4.1923
12.84 277.71 4.2605
12.85 277.64 4.3234
12.86 277.56 4.3811
12.87 277.49 4.4334
12.88 277.41 4.4803
12.89 277.34 4.5217
12.9 277.26 4.5576
12.91 277.18 4.588
12.92 277.1 4.6128
12.93 277.02 4.632
12.94 276.94 4.6456
12.95 276.86 4.6536
12.96 276.77 4.6559
12.97 276.69 4.6526
12.98 276.6 4.6437
12.99 276.52 4.6292
13 276.43 4.609
13.01 276.34 4.5832
13.02 276.25 4.5519
13.03 276.16 4.5151
13.04 276.07 4.4727
13.05 275.98 4.425
13.06 275.89 4.3718
13.07 275.79 4.3132
13.08 275.7 4.2494
13.09 275.6 4.1803
13.1 275.5 4.106
13.11 275.41 4.0267
13.12 275.31 3.9424
13.13 275.21 3.8531
13.14 275.1 3.759
13.15 275 3.6602
13.16 274.9 3.5568
13.17 274.8 3.4487
13.18 274.69 3.3363
13.19 274.58 3.2196
13.2 274.48 3.0986
13.21 274.37 2.9736
13.22 274.26 2.8446
13.23 274.15 2.7118
13.24 274.04 2.5753
13.25 273.93 2.4352
13.26 273.81 2.2917
13.27 273.7 2.145
13.28 273.59 1.9951
13.29 273.47 1.8423
13.3 273.35 1.6866
13.31 273.24 1.5283
13.32 273.12 1.3674
13.33 273 1.2042
13.34 272.88 1.0388
13.35 272.75 0.87143
13.36 272.63 0.70218
13.37 272.51 0.53124
13.38 272.38 0.35879
13.39 272.26 0.185
13.4 272.13 0.010048
13.41 272 -0.1659
13.42 271.88 -0.34266
13.43 271.75 -0.52006
13.44 271.62 -0.69792
13.45 271.48 -0.87606
13.46 271.35 -1.0543
13.47 271.22 -1.2325
13.48 271.08 -1.4104
13.49 270.95 -1.5879
13.5 270.81 -1.7648
13.51 270.67 -1.9409
13.52 270.54 -2.116
13.53 270.4 -2.29
13.54 270.26 -2.4627
13.55 270.11 -2.634
13.56 269.97 -2.8035
13.57 269.83 -2.9713
13.58 269.68 -3.137
13.59 269.54 -3.3006
13.6 269.39 -3.4619
13.61 269.25 -3.6207
13.62 269.1 -3.7768
13.63 268.95 -3.9302
13.64 268.8 -4.0806
13.65 268.65 -4.2279
13.66 268.5 -4.372
13.67 268.34 -4.5127
13.68 268.19 -4.6498
13.69 268.03 -4.7833
13.7 267.88 -4.913
13.71 267.72 -5.0387
13.72 267.56 -5.1604
13.73 267.4 -5.2779
13.74 267.24 -5.3911
13.75 267.08 -5.4999
13.76 266.92 -5.6042
13.77 266.76 -5.7039
13.78 266.59 -5.7988
13.79 266.43 -5.8889
13.8 266.26 -5.9741
13.81 266.1 -6.0543
13.82 265.93 -6.1295
13.83 265.76 -6.1995
13.84 265.59 -6.2643
13.85 265.42 -6.3238
13.86 265.25 -6.3779
13.87 265.07 -6.4267
13.88 264.9 -6.47
13.89 264.73 -6.5078
13.9 264.55 -6.5401
13.91 264.37 -6.5668
13.92 264.2 -6.588
13.93 264.02 -6.6035
13.94 263.84 -6.6135
13.95 263.66 -6.6178
13.96 263.48 -6.6164
13.97 263.29 -6.6094
13.98 263.11 -6.5968
13.99 262.92 -6.5786
14 262.74 -6.5548
14.01 262.55 -6.5254
14.02 262.37 -6.4905
14.03 262.18 -6.45
14.04 261.99 -6.4041
14.05 261.8 -6.3528
14.06 261.61 -6.2961
14.07 261.41 -6.234
14.08 261.22 -6.1668
14.09 261.03 -6.0943
14.1 260.83 -6.0167
14.11 260.63 -5.9341
14.12 260.44 -5.8466
14.13 260.24 -5.7541
14.14 260.04 -5.6569
14.15 259.84 -5.5551
14.16 259.64 -5.4486
14.17 259.44 -5.3377
14.18 259.23 -5.2224
14.19 259.03 -5.1029
14.2 258.82 -4.9793
14.21 258.62 -4.8516
14.22 258.41 -4.7201
14.23 258.2 -4.5849
14.24 257.99 -4.4461
14.25 257.78 -4.3037
14.26 257.57 -4.1581
14.27 257.36 -4.0093
14.28 257.15 -3.8575
14.29 256.93 -3.7028
14.3 256.72 -3.5453
14.31 256.5 -3.3853
14.32 256.29 -3.2229
14.33 256.07 -3.0583
14.34 255.85 -2.8916
14.35 255.63 -2.7229
14.36 255.41 -2.5525
14.37 255.19 -2.3806
14.38 254.96 -2.2073
14.39 254.74 -2.0327
14.4 254.52 -1.8571
14.41 254.29 -1.6806
14.42 254.06 -1.5034
14.43 253.84 -1.3256
14.44 253.61 -1.1476
14.45 253.38 -0.96935
14.46 253.15 -0.79113
14.47 252.92 -0.6131
14.48 252.68 -0.43543
14.49 252.45 -0.25832
14.5 252.21 -0.081923
14.51 251.98 0.093572
14.52 251.74 0.26799
14.53 251.51 0.44116
14.54 251.27 0.61291
14.55 251.03 0.78307
14.56 250.79 0.95146
14.57 250.55 1.1179
14.58 250.3 1.2823
14.59 250.06 1.4444
14.6 249.82 1.6041
14.61 249.57 1.7611
14.62 249.32 1.9155
14.63 249.08 2.0669
14.64 248.83 2.2153
14.65 248.58 2.3605
14.66 248.33 2.5024
14.67 248.08 2.6408
14.68 247.83 2.7756
14.69 247.57 2.9066
14.7 247.32 3.0337
14.71 247.06 3.1568
14.72 246.81 3.2757
14.73 246.55 3.3904
14.74 246.29 3.5008
14.75 246.03 3.6066
14.76 245.77 3.7079
14.77 245.51 3.8045
14.78 245.25 3.8963
14.79 244.99 3.9832
14.8 244.72 4.0652
14.81 244.46 4.1421
14.82 244.19 4.2139
14.83 243.93 4.2804
14.84 243.66 4.3418
14.85 243.39 4.3978
14.86 243.12 4.4484
14.87 242.85 4.4936
14.88 242.58 4.5333
14.89 242.3 4.5676
14.9 242.03 4.5962
14.91 241.75 4.6193
14.92 241.48 4.6368
14.93 241.2 4.6487
14.94 240.92 4.6549
14.95 240.65 4.6555
14.96 240.37 4.6505
14.97 240.09 4.6398
14.98 239.8 4.6235
14.99 239.52 4.6017
15 239.24 4.5742
15.01 238.95 4.5412
15.02 238.67 4.5026
15.03 238.38 4.4586
15.04 238.09 4.4091
15.05 237.81 4.3543
15.06 237.52 4.2941
15.07 237.23 4.2286
15.08 236.93 4.1579
15.09 236.64 4.0821
15.1 236.35 4.0013
15.11 236.05 3.9154
15.12 235.76 3.8246
15.13 235.46 3.7291
15.14 235.16 3.6288
15.15 234.87 3.5239
15.16 234.57 3.4146
15.17 234.27 3.3008
15.18 233.97 3.1827
15.19 233.66 3.0605
15.2 233.36 2.9342
15.21 233.06 2.8041
15.22 232.75 2.6701
15.23 232.45 2.5325
15.24 232.14 2.3914
15.25 231.83 2.2469
15.26 231.52 2.0991
15.27 231.21 1.9483
15.28 230.9 1.7946
15.29 230.59 1.6381
15.3 230.27 1.4789
15.31 229.96 1.3174
15.32 229.65 1.1535
15.33 229.33 0.98744
15.34 229.01 0.81945
15.35 228.69 0.64966
15.36 228.38 0.47824
15.37 228.06 0.30536
15.38 227.74 0.13119
15.39 227.41 -0.044087
15.4 227.09 -0.2203
15.41 226.77 -0.39728
15.42 226.44 -0.57484
15.43 226.12 -0.7528
15.44 225.79 -0.931
15.45 225.46 -1.1092
15.46 225.13 -1.2874
15.47 224.8 -1.4652
15.48 224.47 -1.6425
15.49 224.14 -1.8192
15.5 223.81 -1.995
15.51 223.47 -2.1698
15.52 223.14 -2.3434
15.53 222.8 -2.5157
15.54 222.47 -2.6864
15.55 222.13 -2.8554
15.56 221.79 -3.0226
15.57 221.45 -3.1877
15.58 221.11 -3.3506
15.59 220.77 -3.5111
15.6 220.43 -3.6691
15.61 220.08 -3.8244
15.62 219.74 -3.9769
15.63 219.4 -4.1264
15.64 219.05 -4.2727
15.65 218.7 -4.4157
15.66 218.35 -4.5553
15.67 218 -4.6914
15.68 217.65 -4.8237
15.69 217.3 -4.9522
15.7 216.95 -5.0767
15.71 216.6 -5.1971
15.72 216.24 -5.3133
15.73 215.89 -5.4251
15.74 215.53 -5.5325
15.75 215.17 -5.6354
15.76 214.82 -5.7336
15.77 214.46 -5.8271
15.78 214.1 -5.9157
15.79 213.74 -5.9994
15.8 213.37 -6.078
15.81 213.01 -6.1516
15.82 212.65 -6.22
15.83 212.28 -6.2832
15.84 211.92 -6.341
15.85 211.55 -6.3935
15.86 211.18 -6.4406
15.87 210.81 -6.4822
15.88 210.44 -6.5183
15.89 210.07 -6.5489
15.9 209.7 -6.574
15.91 209.33 -6.5934
15.92 208.95 -6.6072
15.93 208.58 -6.6154
15.94 208.2 -6.6179
15.95 207.83 -6.6149
15.96 207.45 -6.6061
15.97 207.07 -6.5918
15.98 206.69 -6.5719
15.99 206.31 -6.5463
16 205.93 -6.5152
16.01 205.54 -6.4786
16.02 205.16 -6.4364
16.03 204.78 -6.3889
16.04 204.39 -6.3359
16.05 204 -6.2775
16.06 203.62 -6.2139
16.07 203.23 -6.145
16.08 202.84 -6.0709
16.09 202.45 -5.9918
16.1 202.06 -5.9077
16.11 201.66 -5.8186
16.12 201.27 -5.7247
16.13 200.88 -5.626
16.14 200.48 -5.5227
16.15 200.08 -5.4149
16.16 199.69 -5.3026
16.17 199.29 -5.186
16.18 198.89 -5.0652
16.19 198.49 -4.9404
16.2 198.09 -4.8115
16.21 197.68 -4.6788
16.22 197.28 -4.5425
16.23 196.88 -4.4026
16.24 196.47 -4.2592
16.25 196.07 -4.1126
16.26 195.66 -3.9628
16.27 195.25 -3.8101
16.28 194.84 -3.6545
16.29 194.43 -3.4963
16.3 194.02 -3.3355
16.31 193.61 -3.1724
16.32 193.19 -3.0071
16.33 192.78 -2.8398
16.34 192.37 -2.6706
16.35 191.95 -2.4997
16.36 191.53 -2.3273
16.37 191.11 -2.1536
16.38 190.7 -1.9787
16.39 190.28 -1.8027
16.4 189.86 -1.626
16.41 189.43 -1.4486
16.42 189.01 -1.2708
16.43 188.59 -1.0927
16.44 188.16 -0.9144
16.45 187.74 -0.73622
16.46 187.31 -0.55829
16.47 186.88 -0.38077
16.48 186.45 -0.20386
16.49 186.02 -0.027725
16.5 185.59 0.14746
16.51 185.16 0.32151
16.52 184.73 0.49426
16.53 184.29 0.66554
16.54 183.86 0.83517
16.55 183.42 1.003
16.56 182.99 1.1688
16.57 182.55 1.3325
16.58 182.11 1.4939
16.59 181.67 1.6528
16.6 181.23 1.809
16.61 180.79 1.9625
16.62 180.35 2.113
16.63 179.9 2.2604
16.64 179.46 2.4046
16.65 179.01 2.5454
16.66 178.57 2.6827
16.67 178.12 2.8163
16.68 177.67 2.9462
16.69 177.22 3.0721
16.7 176.77 3.1939
16.71 176.32 3.3116
16.72 175.87 3.4249
16.73 175.41 3.5339
16.74 174.96 3.6383
16.75 174.51 3.7382
16.76 174.05 3.8333
16.77 173.59 3.9236
16.78 173.13 4.009
16.79 172.67 4.0894
16.8 172.21 4.1647
16.81 171.75 4.2349
16.82 171.29 4.2999
16.83 170.83 4.3596
16.84 170.36 4.414
16.85 169.9 4.4629
16.86 169.43 4.5064
16.87 168.97 4.5445
16.88 168.5 4.577
16.89 168.03 4.6039
16.9 167.56 4.6253
16.91 167.09 4.6411
16.92 166.62 4.6512
16.93 166.14 4.6557
16.94 165.67 4.6546
16.95 165.19 4.6478
16.96 164.72 4.6354
16.97 164.24 4.6174
16.98 163.76 4.5938
16.99 163.28 4.5646
17 162.81 4.5299
17.01 162.32 4.4896
17.02 161.84 4.4439
17.03 161.36 4.3928
17.04 160.88 4.3363
17.05 160.39 4.2745
17.06 159.91 4.2074
17.07 159.42 4.1351
17.08 158.93 4.0577
17.09 158.44 3.9753
17.1 157.95 3.8879
17.11 157.46 3.7957
17.12 156.97 3.6987
17.13 156.48 3.597
17.14 155.99 3.4907
17.15 155.49 3.38
17.16 155 3.2648
17.17 154.5 3.1455
17.18 154 3.022
17.19 153.5 2.8945
17.2 153 2.7632
17.21 152.5 2.6281
17.22 152 2.4893
17.23 151.5 2.3472
17.24 151 2.2017
17.25 150.49 2.053
17.26 149.99 1.9012
17.27 149.48 1.7466
17.28 148.97 1.5893
17.29 148.46 1.4294
17.3 147.96 1.2671
17.31 147.45 1.1025
17.32 146.93 0.93586
17.33 146.42 0.7673
17.34 145.91 0.59699
17.35 145.39 0.4251
17.36 144.88 0.2518
17.37 144.36 0.077275
17.38 143.85 -0.098311
17.39 143.33 -0.27478
17.4 142.81 -0.45195
17.41 142.29 -0.62966
17.42 141.77 -0.80771
17.43 141.25 -0.98594
17.44 140.72 -1.1642
17.45 140.2 -1.3422
17.46 139.67 -1.5199
17.47 139.15 -1.697
17.48 138.62 -1.8735
17.49 138.09 -2.049
17.5 137.57 -2.2234
17.51 137.04 -2.3967
17.52 136.5 -2.5685
17.53 135.97 -2.7387
17.54 135.44 -2.9072
17.55 134.91 -3.0737
17.56 134.37 -3.2381
17.57 133.84 -3.4003
17.58 133.3 -3.5601
17.59 132.76 -3.7173
17.6 132.22 -3.8717
17.61 131.68 -4.0233
17.62 131.14 -4.1718
17.63 130.6 -4.3171
17.64 130.06 -4.4591
17.65 129.52 -4.5976
17.66 128.97 -4.7325
17.67 128.43 -4.8637
17.68 127.88 -4.991
17.69 127.33 -5.1142
17.7 126.78 -5.2333
17.71 126.23 -5.3482
17.72 125.68 -5.4587
17.73 125.13 -5.5647
17.74 124.58 -5.6662
17.75 124.03 -5.7629
17.76 123.47 -5.8549
17.77 122.92 -5.942
17.78 122.36 -6.0242
17.79 121.8 -6.1013
17.8 121.24 -6.1732
17.81 120.69 -6.24
17.82 120.13 -6.3016
17.83 119.56 -6.3578
17.84 119 -6.4086
17.85 118.44 -6.454
17.86 117.87 -6.4939
17.87 117.31 -6.5284
17.88 116.74 -6.5572
17.89 116.18 -6.5805
17.9 115.61 -6.5982
17.91 115.04 -6.6103
17.92 114.47 -6.6168
17.93 113.9 -6.6176
17.94 113.33 -6.6128
17.95 112.75 -6.6023
17.96 112.18 -6.5863
17.97 111.6 -6.5646
17.98 111.03 -6.5373
17.99 110.45 -6.5045
18 109.87 -6.4662
18.01 109.29 -6.4224
18.02 108.71 -6.3731
18.03 108.13 -6.3184
18.04 107.55 -6.2584
18.05 106.97 -6.1932
18.06 106.39 -6.1227
18.07 105.8 -6.0471
18.08 105.22 -5.9664
18.09 104.63 -5.8807
18.1 104.04 -5.7901
18.11 103.45 -5.6948
18.12 102.86 -5.5947
18.13 102.27 -5.49
18.14 101.68 -5.3808
18.15 101.09 -5.2671
18.16 100.49 -5.1492
18.17 99.9 -5.0272
18.18 99.304 -4.9011
18.19 98.708 -4.771
18.2 98.11 -4.6372
18.21 97.512 -4.4997
18.22 96.912 -4.3587
18.23 96.312 -4.2144
18.24 95.71 -4.0667
18.25 95.108 -3.916
18.26 94.505 -3.7624
18.27 93.9 -3.606
18.28 93.295 -3.447
18.29 92.688 -3.2855
18.3 92.081 -3.1217
18.31 91.473 -2.9557
18.32 90.864 -2.7878
18.33 90.253 -2.6181
18.34 89.642 -2.4467
18.35 89.03 -2.2739
18.36 88.417 -2.0998
18.37 87.803 -1.9245
18.38 87.187 -1.7483
18.39 86.571 -1.5714
18.4 85.954 -1.3939
18.41 85.336 -1.2159
18.42 84.717 -1.0377
18.43 84.097 -0.85947
18.44 83.476 -0.68134
18.45 82.854 -0.50352
18.46 82.231 -0.32617
18.47 81.607 -0.14948
18.48 80.982 0.026382
18.49 80.356 0.20124
18.5 79.729 0.37491
18.51 79.101 0.54722
18.52 78.472 0.71801
18.53 77.842 0.8871
18.54 77.212 1.0543
18.55 76.58 1.2195
18.56 75.947 1.3825
18.57 75.313 1.5431
18.58 74.678 1.7012
18.59 74.043 1.8566
18.6 73.406 2.0092
18.61 72.768 2.1588
18.62 72.129 2.3052
18.63 71.49 2.4484
18.64 70.849 2.5881
18.65 70.208 2.7243
18.66 69.565 2.8568
18.67 68.921 2.9854
18.68 68.277 3.11
18.69 67.631 3.2306
18.7 66.985 3.347
18.71 66.337 3.459
18.72 65.689 3.5666
18.73 65.039 3.6696
18.74 64.389 3.768
18.75 63.737 3.8617
18.76 63.085 3.9504
18.77 62.431 4.0343
18.78 61.777 4.1132
18.79 61.122 4.1869
18.8 60.465 4.2555
18.81 59.808 4.3189
18.82 59.15 4.3769
18.83 58.49 4.4296
18.84 57.83 4.4769
18.85 57.169 4.5188
18.86 56.506 4.5551
18.87 55.843 4.5859
18.88 55.179 4.6111
18.89 54.514 4.6308
18.9 53.848 4.6448
18.91 53.181 4.6532
18.92 52.512 4.6559
18.93 51.843 4.6531
18.94 51.173 4.6446
18.95 50.502 4.6304
18.96 49.83 4.6107
18.97 49.157 4.5854
18.98 48.483 4.5545
18.99 47.808 4.5181
19 47.132 4.4761
19.01 46.455 4.4287
19.02 45.777 4.3759
19.03 45.098 4.3178
19.04 44.418 4.2543
19.05 43.738 4.1857
19.06 43.056 4.1118
19.07 42.373 4.0329
19.08 41.689 3.9489
19.09 41.004 3.86
19.1 40.318 3.7663
19.11 39.632 3.6678
19.12 38.944 3.5647
19.13 38.255 3.457
19.14 37.565 3.3449
19.15 36.875 3.2285
19.16 36.183 3.1079
19.17 35.49 2.9831
19.18 34.797 2.8544
19.19 34.102 2.7219
19.2 33.407 2.5857
19.21 32.71 2.4459
19.22 32.012 2.3027
19.23 31.314 2.1562
19.24 30.614 2.0065
19.25 29.914 1.8539
19.26 29.212 1.6984
19.27 28.51 1.5403
19.28 27.807 1.3796
19.29 27.102 1.2166
19.3 26.397 1.0514
19.31 25.69 0.8841
19.32 24.983 0.71498
19.33 24.275 0.54417
19.34 23.565 0.37182
19.35 22.855 0.19813
19.36 22.144 0.023258
19.37 21.431 -0.15262
19.38 20.718 -0.32932
19.39 20.004 -0.50668
19.4 19.289 -0.68451
19.41 18.573 -0.86264
19.42 17.855 -1.0409
19.43 17.137 -1.2191
19.44 16.418 -1.397
19.45 15.698 -1.5746
19.46 14.977 -1.7515
19.47 14.255 -1.9277
19.48 13.532 -2.1029
19.49 12.808 -2.277
19.5 12.083 -2.4498
19.51 11.357 -2.6211
19.52 10.63 -2.7908
19.53 9.9017 -2.9587
19.54 9.1727 -3.1246
19.55 8.4428 -3.2884
19.56 7.7119 -3.4498
19.57 6.98 -3.6088
19.58 6.2471 -3.7652
19.59 5.5133 -3.9188
19.6 4.7784 -4.0694
19.61 4.0426 -4.217
19.62 3.3058 -4.3613
19.63 2.568 -4.5022
19.64 1.8293 -4.6396
19.65 1.0895 -4.7734
19.66 0.34882 -4.9033
19.67 -0.39289 -5.0294
19.68 -1.1356 -5.1514
19.69 -1.8792 -5.2692
19.7 -2.6239 -5.3827
19.71 -3.3695 -5.4919
19.72 -4.1161 -5.5965
19.73 -4.8637 -5.6965
19.74 -5.6123 -5.7918
19.74 -5.6123 -5.7918
19.75 -5.2007 -5.9628
19.76 -4.7901 -6.1288
19.77 -4.3805 -6.2897
19.78 -3.9718 -6.4452
19.79 -3.5642 -6.5953
19.8 -3.1575 -6.7398
19.81 -2.7518 -6.8785
19.82 -2.3471 -7.0114
19.83 -1.9433 -7.1382
19.84 -1.5406 -7.2588
19.85 -1.1388 -7.3732
19.86 -0.738 -7.4811
19.87 -0.33818 -7.5826
19.88 0.060648 -7.6775
19.89 0.4585 -7.7656
19.9 0.85537 -7.847
19.91 1.2513 -7.9215
19.92 1.6462 -7.9891
19.93 2.0401 -8.0497
19.94 2.433 -8.1032
19.95 2.825 -8.1496
19.96 3.216 -8.1888
19.97 3.606 -8.2208
19.98 3.995 -8.2456
19.99 4.383 -8.2631
20 4.7701 -8.2733
20.01 5.1562 -8.2763
20.02 5.5413 -8.2719
20.03 5.9254 -8.2603
20.04 6.3085 -8.2413
20.05 6.6907 -8.2151
20.06 7.0719 -8.1817
20.07 7.4521 -8.1411
20.08 7.8313 -8.0933
20.09 8.2095 -8.0384
20.1 8.5867 -7.9765
20.11 8.963 -7.9075
20.12 9.3383 -7.8317
20.13 9.7126 -7.7489
20.14 10.086 -7.6594
20.15 10.458 -7.5633
20.16 10.83 -7.4605
20.17 11.2 -7.3513
20.18 11.569 -7.2357
20.19 11.938 -7.1139
20.2 12.305 -6.9859
20.21 12.672 -6.8519
20.22 13.037 -6.712
20.23 13.402 -6.5664
20.24 13.765 -6.4153
20.25 14.128 -6.2586
20.26 14.489 -6.0968
20.27 14.85 -5.9298
20.28 15.209 -5.7578
20.29 15.568 -5.5811
20.3 15.926 -5.3998
20.31 16.282 -5.214
20.32 16.638 -5.024
20.33 16.993 -4.83
20.34 17.346 -4.6322
20.35 17.699 -4.4306
20.36 18.051 -4.2257
20.37 18.402 -4.0175
20.38 18.751 -3.8062
20.39 19.1 -3.5921
20.4 19.448 -3.3755
20.41 19.795 -3.1564
20.42 20.141 -2.9351
20.43 20.486 -2.7119
20.44 20.83 -2.487
20.45 21.172 -2.2605
20.46 21.514 -2.0328
20.47 21.855 -1.804
20.48 22.195 -1.5744
20.49 22.534 -1.3442
20.5 22.872 -1.1137
20.51 23.209 -0.88301
20.52 23.545 -0.65242
20.53 23.88 -0.42216
20.54 24.215 -0.19245
20.55 24.548 0.03646
20.56 24.88 0.26436
20.57 25.211 0.49101
20.58 25.541 0.71619
20.59 25.87 0.93967
20.6 26.198 1.1612
20.61 26.526 1.3806
20.62 26.852 1.5977
20.63 27.177 1.8122
20.64 27.501 2.0239
20.65 27.825 2.2326
20.66 28.147 2.438
20.67 28.468 2.6401
20.68 28.789 2.8385
20.69 29.108 3.0331
20.7 29.426 3.2237
20.71 29.744 3.4101
20.72 30.06 3.5921
20.73 30.376 3.7695
20.74 30.69 3.9422
20.75 31.004 4.11
20.76 31.316 4.2726
20.77 31.628 4.43
20.78 31.938 4.582
20.79 32.248 4.7285
20.8 32.556 4.8692
20.81 32.864 5.0041
20.82 33.171 5.133
20.83 33.476 5.2558
20.84 33.781 5.3723
20.85 34.085 5.4825
20.86 34.387 5.5862
20.87 34.689 5.6834
20.88 34.99 5.7739
20.89 35.289 5.8576
20.9 35.588 5.9346
20.91 35.886 6.0045
20.92 36.183 6.0675
20.93 36.479 6.1235
20.94 36.774 6.1724
20.95 37.067 6.2141
20.96 37.36 6.2486
20.97 37.652 6.2759
20.98 37.943 6.2959
20.99 38.233 6.3086
21 38.522 6.3141
21.01 38.81 6.3122
21.02 39.097 6.3031
21.03 39.383 6.2867
21.04 39.668 6.263
21.05 39.952 6.2321
21.06 40.235 6.194
21.07 40.517 6.1486
21.08 40.798 6.0962
21.09 41.078 6.0367
21.1 41.358 5.9702
21.11 41.636 5.8967
21.12 41.913 5.8163
21.13 42.189 5.7292
21.14 42.464 5.6353
21.15 42.739 5.5348
21.16 43.012 5.4278
21.17 43.284 5.3144
21.18 43.556 5.1947
21.19 43.826 5.0688
21.2 44.095 4.9369
21.21 44.364 4.7991
21.22 44.631 4.6554
21.23 44.897 4.5062
21.24 45.163 4.3514
21.25 45.427 4.1913
21.26 45.691 4.0261
21.27 45.953 3.8558
21.28 46.215 3.6807
21.29 46.475 3.501
21.3 46.735 3.3168
21.31 46.993 3.1282
21.32 47.251 2.9356
21.33 47.507 2.739
21.34 47.763 2.5387
21.35 48.018 2.3349
21.36 48.271 2.1278
21.37 48.524 1.9176
21.38 48.776 1.7045
21.39 49.026 1.4887
21.4 49.276 1.2704
21.41 49.525 1.0499
21.42 49.772 0.82733
21.43 50.019 0.60296
21.44 50.265 0.37702
21.45 50.51 0.14971
21.46 50.754 -0.078728
21.47 50.997 -0.30807
21.48 51.238 -0.53808
21.49 51.479 -0.76853
21.5 51.719 -0.9992
21.51 51.958 -1.2299
21.52 52.196 -1.4603
21.53 52.433 -1.6902
21.54 52.669 -1.9194
21.55 52.904 -2.1477
21.56 53.138 -2.3748
21.57 53.371 -2.6005
21.58 53.603 -2.8246
21.59 53.834 -3.0468
21.6 54.064 -3.267
21.61 54.293 -3.4849
21.62 54.522 -3.7003
21.63 54.749 -3.913
21.64 54.975 -4.1227
21.65 55.2 -4.3293
21.66 55.424 -4.5326
21.67 55.648 -4.7323
21.68 55.87 -4.9282
21.69 56.091 -5.1203
21.7 56.311 -5.3081
21.71 56.531 -5.4917
21.72 56.749 -5.6707
21.73 56.966 -5.845
21.74 57.183 -6.0145
21.75 57.398 -6.179
21.76 57.613 -6.3382
21.77 57.826 -6.4921
21.78 58.038 -6.6405
21.79 58.25 -6.7832
21.8 58.46 -6.9201
21.81 58.67 -7.0511
21.82 58.878 -7.176
21.83 59.086 -7.2947
21.84 59.292 -7.4071
21.85 59.498 -7.5131
21.86 59.703 -7.6125
21.87 59.906 -7.7054
21.88 60.109 -7.7914
21.89 60.31 -7.8707
21.9 60.511 -7.9431
21.91 60.711 -8.0086
21.92 60.91 -8.067
21.93 61.107 -8.1183
21.94 61.304 -8.1625
21.95 61.5 -8.1995
21.96 61.695 -8.2292
21.97 61.888 -8.2518
21.98 62.081 -8.267
21.99 62.273 -8.275
22 62.464 -8.2757
22.01 62.654 -8.2691
22.02 62.843 -8.2552
22.03 63.031 -8.234
22.04 63.218 -8.2056
22.05 63.403 -8.17
22.06 63.588 -8.1271
22.07 63.772 -8.0771
22.08 63.955 -8.0201
22.09 64.137 -7.956
22.1 64.319 -7.8849
22.11 64.499 -7.8069
22.12 64.678 -7.7221
22.13 64.856 -7.6305
22.14 65.033 -7.5323
22.15 65.209 -7.4275
22.16 65.384 -7.3163
22.17 65.558 -7.1988
22.18 65.732 -7.075
22.19 65.904 -6.9452
22.2 66.075 -6.8094
22.21 66.245 -6.6677
22.22 66.415 -6.5204
22.23 66.583 -6.3676
22.24 66.75 -6.2093
22.25 66.917 -6.0458
22.26 67.082 -5.8773
22.27 67.246 -5.7038
22.28 67.41 -5.5257
22.29 67.572 -5.343
22.3 67.734 -5.1559
22.31 67.894 -4.9647
22.32 68.053 -4.7694
22.33 68.212 -4.5704
22.34 68.369 -4.3678
22.35 68.526 -4.1618
22.36 68.681 -3.9527
22.37 68.836 -3.7405
22.38 68.99 -3.5256
22.39 69.142 -3.3082
22.4 69.294 -3.0884
22.41 69.444 -2.8665
22.42 69.594 -2.6428
22.43 69.743 -2.4173
22.44 69.891 -2.1905
22.45 70.037 -1.9624
22.46 70.183 -1.7333
22.47 70.328 -1.5035
22.48 70.471 -1.2732
22.49 70.614 -1.0426
22.5 70.756 -0.81191
22.51 70.897 -0.5814
22.52 71.037 -0.35128
22.53 71.176 -0.1218
22.54 71.314 0.10682
22.55 71.45 0.33436
22.56 71.586 0.56058
22.57 71.721 0.78526
22.58 71.855 1.0082
22.59 71.988 1.2291
22.6 72.12 1.4478
22.61 72.251 1.6641
22.62 72.381 1.8777
22.63 72.51 2.0885
22.64 72.638 2.2962
22.65 72.765 2.5007
22.66 72.892 2.7016
22.67 73.017 2.8989
22.68 73.141 3.0923
22.69 73.264 3.2816
22.7 73.386 3.4667
22.71 73.507 3.6473
22.72 73.628 3.8233
22.73 73.747 3.9945
22.74 73.865 4.1607
22.75 73.982 4.3217
22.76 74.099 4.4775
22.77 74.214 4.6278
22.78 74.328 4.7725
22.79 74.442 4.9114
22.8 74.554 5.0445
22.81 74.666 5.1715
22.82 74.776 5.2924
22.83 74.885 5.407
22.84 74.994 5.5152
22.85 75.101 5.6169
22.86 75.208 5.712
22.87 75.313 5.8004
22.88 75.418 5.8821
22.89 75.521 5.9569
22.9 75.624 6.0247
22.91 75.726 6.0856
22.92 75.826 6.1393
22.93 75.926 6.186
22.94 76.025 6.2255
22.95 76.122 6.2578
22.96 76.219 6.2828
22.97 76.315 6.3006
22.98 76.409 6.3111
22.99 76.503 6.3143
23 76.596 6.3102
23.01 76.688 6.2988
23.02 76.778 6.2802
23.03 76.868 6.2543
23.04 76.957 6.2211
23.05 77.045 6.1808
23.06 77.132 6.1332
23.07 77.218 6.0786
23.08 77.303 6.0169
23.09 77.386 5.9482
23.1 77.469 5.8726
23.11 77.551 5.7902
23.12 77.632 5.7009
23.13 77.712 5.605
23.14 77.791 5.5025
23.15 77.869 5.3935
23.16 77.947 5.2782
23.17 78.023 5.1565
23.18 78.098 5.0288
23.19 78.172 4.895
23.2 78.245 4.7554
23.21 78.317 4.61
23.22 78.388 4.459
23.23 78.458 4.3026
23.24 78.528 4.141
23.25 78.596 3.9741
23.26 78.663 3.8024
23.27 78.729 3.6258
23.28 78.795 3.4447
23.29 78.859 3.2591
23.3 78.922 3.0693
23.31 78.985 2.8754
23.32 79.046 2.6777
23.33 79.106 2.4763
23.34 79.166 2.2715
23.35 79.224 2.0634
23.36 79.282 1.8522
23.37 79.338 1.6383
23.38 79.394 1.4217
23.39 79.448 1.2027
23.4 79.502 0.98149
23.41 79.554 0.75836
23.42 79.606 0.53348
23.43 79.656 0.30709
23.44 79.706 0.079407
23.45 79.755 -0.14933
23.46 79.802 -0.3789
23.47 79.849 -0.60908
23.48 79.895 -0.83962
23.49 79.939 -1.0703
23.5 79.983 -1.3009
23.51 80.026 -1.5312
23.52 80.067 -1.7609
23.53 80.108 -1.9899
23.54 80.148 -2.2178
23.55 80.187 -2.4445
23.56 80.225 -2.6697
23.57 80.261 -2.8933
23.58 80.297 -3.1149
23.59 80.332 -3.3344
23.6 80.366 -3.5516
23.61 80.399 -3.7662
23.62 80.431 -3.978
23.63 80.462 -4.1868
23.64 80.492 -4.3923
23.65 80.521 -4.5945
23.66 80.549 -4.7931
23.67 80.576 -4.9879
23.68 80.602 -5.1786
23.69 80.627 -5.3652
23.7 80.651 -5.5473
23.71 80.674 -5.7249
23.72 80.696 -5.8978
23.73 80.718 -6.0657
23.74 80.738 -6.2286
23.75 80.757 -6.3862
23.76 80.775 -6.5384
23.77 80.792 -6.6851
23.78 80.809 -6.826
23.79 80.824 -6.9611
23.8 80.838 -7.0902
23.81 80.851 -7.2133
23.82 80.864 -7.33
23.83 80.875 -7.4405
23.84 80.885 -7.5444
23.85 80.895 -7.6419
23.86 80.903 -7.7326
23.87 80.911 -7.8166
23.88 80.917 -7.8938
23.89 80.922 -7.964
23.9 80.927 -8.0273
23.91 80.93 -8.0835
23.92 80.933 -8.1327
23.93 80.934 -8.1746
23.94 80.935 -8.2094
23.95 80.935 -8.237
23.96 80.933 -8.2573
23.97 80.931 -8.2703
23.98 80.927 -8.276
23.99 80.923 -8.2744
24 80.918 -8.2656
24.01 80.911 -8.2494
24.02 80.904 -8.226
24.03 80.896 -8.1954
24.04 80.886 -8.1575
24.05 80.876 -8.1125
24.06 80.865 -8.0603
24.07 80.853 -8.0011
24.08 80.84 -7.9348
24.09 80.825 -7.8616
24.1 80.81 -7.7815
24.11 80.794 -7.6946
24.12 80.777 -7.6009
24.13 80.759 -7.5007
24.14 80.74 -7.394
24.15 80.72 -7.2808
24.16 80.699 -7.1613
24.17 80.677 -7.0357
24.18 80.654 -6.904
24.19 80.63 -6.7663
24.2 80.605 -6.6229
24.21 80.579 -6.4739
24.22 80.552 -6.3193
24.23 80.524 -6.1595
24.24 80.495 -5.9944
24.25 80.465 -5.8243
24.26 80.434 -5.6494
24.27 80.403 -5.4698
24.28 80.37 -5.2858
24.29 80.336 -5.0974
24.3 80.301 -4.9049
24.31 80.266 -4.7085
24.32 80.229 -4.5083
24.33 80.191 -4.3047
24.34 80.152 -4.0977
24.35 80.113 -3.8876
24.36 80.072 -3.6746
24.37 80.03 -3.4589
24.38 79.988 -3.2407
24.39 79.944 -3.0202
24.4 79.9 -2.7977
24.41 79.854 -2.5734
24.42 79.808 -2.3475
24.43 79.76 -2.1203
24.44 79.711 -1.8919
24.45 79.662 -1.6626
24.46 79.612 -1.4326
24.47 79.56 -1.2021
24.48 79.508 -0.97148
24.49 79.454 -0.74083
24.5 79.4 -0.51041
24.51 79.344 -0.28047
24.52 79.288 -0.051227
24.53 79.231 0.17709
24.54 79.172 0.40424
24.55 79.113 0.63001
24.56 79.053 0.85417
24.57 78.992 1.0765
24.58 78.929 1.2968
24.59 78.866 1.5148
24.6 78.802 1.7302
24.61 78.737 1.943
24.62 78.671 2.1529
24.63 78.604 2.3596
24.64 78.535 2.563
24.65 78.466 2.7628
24.66 78.396 2.9589
24.67 78.325 3.1511
24.68 78.253 3.3391
24.69 78.18 3.5228
24.7 78.106 3.702
24.71 78.031 3.8766
24.72 77.955 4.0462
24.73 77.878 4.2109
24.74 77.8 4.3703
24.75 77.721 4.5244
24.76 77.641 4.673
24.77 77.56 4.8159
24.78 77.479 4.9531
24.79 77.396 5.0843
24.8 77.312 5.2094
24.81 77.227 5.3284
24.82 77.141 5.441
24.83 77.055 5.5472
24.84 76.967 5.6469
24.85 76.878 5.74
24.86 76.788 5.8263
24.87 76.698 5.9059
24.88 76.606 5.9785
24.89 76.513 6.0442
24.9 76.42 6.1029
24.91 76.325 6.1545
24.92 76.23 6.1989
24.93 76.133 6.2362
24.94 76.035 6.2662
24.95 75.937 6.2891
24.96 75.837 6.3046
24.97 75.737 6.3128
24.98 75.635 6.3138
24.99 75.533 6.3075
25 75.43 6.2939
25.01 75.325 6.273
25.02 75.22 6.2448
25.03 75.113 6.2094
25.04 75.006 6.1669
25.05 74.898 6.1172
25.06 74.788 6.0603
25.07 74.678 5.9965
25.08 74.567 5.9257
25.09 74.454 5.8479
25.1 74.341 5.7634
25.11 74.227 5.6721
25.12 74.112 5.5741
25.13 73.996 5.4696
25.14 73.878 5.3586
25.15 73.76 5.2413
25.16 73.641 5.1178
25.17 73.521 4.9882
25.18 73.4 4.8526
25.19 73.278 4.7112
25.2 73.155 4.5641
25.21 73.031 4.4114
25.22 72.906 4.2534
25.23 72.78 4.0901
25.24 72.653 3.9217
25.25 72.525 3.7485
25.26 72.396 3.5705
25.27 72.266 3.3879
25.28 72.135 3.201
25.29 72.003 3.0099
25.3 71.87 2.8149
25.31 71.736 2.616
25.32 71.601 2.4135
25.33 71.466 2.2076
25.34 71.329 1.9986
25.35 71.191 1.7866
25.36 71.052 1.5718
25.37 70.913 1.3544
25.38 70.772 1.1347
25.39 70.63 0.91291
25.4 70.488 0.68922
25.41 70.344 0.46385
25.42 70.199 0.23703
25.43 70.054 0.0090039
25.44 69.907 -0.22002
25.45 69.759 -0.4498
25.46 69.611 -0.68011
25.47 69.461 -0.91072
25.48 69.311 -1.1414
25.49 69.159 -1.3719
25.5 69.007 -1.6021
25.51 68.853 -1.8316
25.52 68.699 -2.0602
25.53 68.543 -2.2878
25.54 68.387 -2.5141
25.55 68.23 -2.7388
25.56 68.071 -2.9618
25.57 67.912 -3.1828
25.58 67.752 -3.4016
25.59 67.59 -3.618
25.6 67.428 -3.8318
25.61 67.265 -4.0426
25.62 67.1 -4.2505
25.63 66.935 -4.455
25.64 66.769 -4.6561
25.65 66.602 -4.8535
25.66 66.433 -5.0471
25.67 66.264 -5.2366
25.68 66.094 -5.4218
25.69 65.923 -5.6026
25.7 65.751 -5.7787
25.71 65.578 -5.9501
25.72 65.404 -6.1165
25.73 65.229 -6.2777
25.74 65.053 -6.4337
25.75 64.876 -6.5842
25.76 64.698 -6.7291
25.77 64.519 -6.8683
25.78 64.339 -7.0016
25.79 64.158 -7.1288
25.8 63.976 -7.2499
25.81 63.793 -7.3648
25.82 63.609 -7.4732
25.83 63.424 -7.5752
25.84 63.238 -7.6705
25.85 63.052 -7.7592
25.86 62.864 -7.8411
25.87 62.675 -7.9162
25.88 62.485 -7.9843
25.89 62.294 -8.0454
25.9 62.103 -8.0994
25.91 61.91 -8.1464
25.92 61.716 -8.1861
25.93 61.522 -8.2187
25.94 61.326 -8.244
25.95 61.129 -8.262
25.96 60.932 -8.2728
25.97 60.733 -8.2763
25.98 60.534 -8.2725
25.99 60.333 -8.2614
26 60.131 -8.243
26.01 59.929 -8.2174
26.02 59.725 -8.1845
26.03 59.521 -8.1444
26.04 59.315 -8.0972
26.05 59.109 -8.0428
26.06 58.902 -7.9814
26.07 58.693 -7.913
26.08 58.484 -7.8376
26.09 58.273 -7.7554
26.1 58.062 -7.6664
26.11 57.85 -7.5707
26.12 57.636 -7.4685
26.13 57.422 -7.3597
26.14 57.207 -7.2446
26.15 56.991 -7.1232
26.16 56.773 -6.9957
26.17 56.555 -6.8622
26.18 56.336 -6.7228
26.19 56.116 -6.5776
26.2 55.895 -6.4268
26.21 55.672 -6.2706
26.22 55.449 -6.1091
26.23 55.225 -5.9425
26.24 55 -5.7709
26.25 54.774 -5.5946
26.26 54.547 -5.4136
26.27 54.319 -5.2282
26.28 54.09 -5.0385
26.29 53.86 -4.8448
26.3 53.629 -4.6472
26.31 53.397 -4.4459
26.32 53.164 -4.2412
26.33 52.93 -4.0332
26.34 52.695 -3.8222
26.35 52.459 -3.6084
26.36 52.223 -3.3919
26.37 51.985 -3.173
26.38 51.746 -2.9519
26.39 51.506 -2.7288
26.4 51.265 -2.504
26.41 51.024 -2.2776
26.42 50.781 -2.05
26.43 50.537 -1.8213
26.44 50.292 -1.5918
26.45 50.047 -1.3616
26.46 49.8 -1.1311
26.47 49.552 -0.90038
26.48 49.304 -0.66977
26.49 49.054 -0.43948
26.5 48.804 -0.20972
26.51 48.552 0.019256
26.52 48.3 0.24724
26.53 48.046 0.47399
26.54 47.791 0.69929
26.55 47.536 0.92291
26.56 47.279 1.1446
26.57 47.022 1.3642
26.58 46.764 1.5815
26.59 46.504 1.7961
26.6 46.244 2.008
26.61 45.982 2.217
26.62 45.72 2.4227
26.63 45.457 2.625
26.64 45.192 2.8237
26.65 44.927 3.0186
26.66 44.661 3.2095
26.67 44.393 3.3962
26.68 44.125 3.5786
26.69 43.856 3.7563
26.7 43.586 3.9294
26.71 43.315 4.0975
26.72 43.042 4.2606
26.73 42.769 4.4184
26.74 42.495 4.5708
26.75 42.22 4.7177
26.76 41.944 4.8588
26.77 41.667 4.9941
26.78 41.389 5.1235
26.79 41.11 5.2467
26.8 40.83 5.3638
26.81 40.549 5.4744
26.82 40.267 5.5787
26.83 39.984 5.6763
26.84 39.7 5.7673
26.85 39.415 5.8516
26.86 39.129 5.929
26.87 38.842 5.9995
26.88 38.554 6.063
26.89 38.265 6.1195
26.9 37.976 6.1689
26.91 37.685 6.2112
26.92 37.393 6.2462
26.93 37.1 6.2741
26.94 36.806 6.2946
26.95 36.512 6.3079
26.96 36.216 6.3139
26.97 35.919 6.3126
26.98 35.622 6.3041
26.99 35.323 6.2882
27 35.023 6.2651
27.01 34.723 6.2347
27.02 34.421 6.1971
27.03 34.119 6.1523
27.04 33.815 6.1004
27.05 33.51 6.0414
27.06 33.205 5.9754
27.07 32.898 5.9024
27.08 32.591 5.8226
27.09 32.282 5.736
27.1 31.973 5.6426
27.11 31.663 5.5426
27.12 31.351 5.4361
27.13 31.039 5.3232
27.14 30.725 5.2039
27.15 30.411 5.0785
27.16 30.096 4.947
27.17 29.779 4.8096
27.18 29.462 4.6664
27.19 29.144 4.5176
27.2 28.825 4.3633
27.21 28.504 4.2036
27.22 28.183 4.0387
27.23 27.861 3.8688
27.24 27.538 3.6941
27.25 27.213 3.5147
27.26 26.888 3.3308
27.27 26.562 3.1426
27.28 26.235 2.9502
27.29 25.907 2.754
27.3 25.578 2.5539
27.31 25.248 2.3504
27.32 24.917 2.1435
27.33 24.585 1.9335
27.34 24.252 1.7206
27.35 23.918 1.505
27.36 23.583 1.2869
27.37 23.247 1.0666
27.38 22.91 0.84415
27.39 22.572 0.61992
27.4 22.233 0.39408
27.41 21.893 0.16687
27.42 21.553 -0.061493
27.43 21.211 -0.29077
27.44 20.868 -0.52074
27.45 20.524 -0.75117
27.46 20.179 -0.98183
27.47 19.834 -1.2125
27.48 19.487 -1.4429
27.49 19.139 -1.6729
27.5 18.791 -1.9022
27.51 18.441 -2.1305
27.52 18.09 -2.3577
27.53 17.739 -2.5835
27.54 17.386 -2.8078
27.55 17.032 -3.0302
27.56 16.678 -3.2505
27.57 16.322 -3.4686
27.58 15.966 -3.6842
27.59 15.608 -3.8971
27.6 15.25 -4.107
27.61 14.89 -4.3139
27.62 14.53 -4.5174
27.63 14.168 -4.7174
27.64 13.806 -4.9136
27.65 13.442 -5.1059
27.66 13.078 -5.2941
27.67 12.713 -5.478
27.68 12.346 -5.6574
27.69 11.979 -5.8321
27.7 11.611 -6.0019
27.71 11.241 -6.1668
27.72 10.871 -6.3264
27.73 10.5 -6.4807
27.74 10.128 -6.6295
27.75 9.7544 -6.7726
27.76 9.3802 -6.91
27.77 9.0051 -7.0414
27.78 8.6289 -7.1668
27.79 8.2518 -7.286
27.8 7.8736 -7.3989
27.81 7.4945 -7.5053
27.82 7.1145 -7.6053
27.83 6.7334 -7.6986
27.84 6.3513 -7.7852
27.85 5.9683 -7.865
27.86 5.5843 -7.9379
27.87 5.1993 -8.0039
27.88 4.8134 -8.0628
27.89 4.4264 -8.1147
27.9 4.0385 -8.1594
27.91 3.6496 -8.1969
27.92 3.2597 -8.2272
27.93 2.8688 -8.2503
27.94 2.4769 -8.2661
27.95 2.0841 -8.2747
27.96 1.6903 -8.2759
27.97 1.2955 -8.2698
27.98 0.89971 -8.2565
27.99 0.50296 -8.2359
28 0.10521 -8.208
28.01 -0.29351 -8.1729
28.02 -0.69321 -8.1306
28.03 -1.0939 -8.0812
28.04 -1.4956 -8.0246
28.05 -1.8982 -7.961
28.06 -2.3018 -7.8905
28.07 -2.7064 -7.813
28.08 -3.112 -7.7287
28.09 -3.5186 -7.6376
28.1 -3.9261 -7.5399
28.11 -4.3347 -7.4357
28.12 -4.7442 -7.3249
28.13 -5.1547 -7.2079
28.14 -5.5662 -7.0846
28.15 -5.9786 -6.9552
28.16 -6.3921 -6.8198
