0 0 0
77 63 0.1
154 126 0.2
231 189 0.3
308 253 0.4
385 316 0.5
462 379 0.6
539 443 0.7
615 506 0.8
692 569 0.9
768 633 1
845 696 1.1
921 759 1.2
997 823 1.3
1073 886 1.4
1149 949 1.5
1225 1013 1.6
1301 1076 1.7
1377 1139 1.8
1452 1203 1.9
1528 1266 2
1603 1329 2.1
1678 1393 2.2
1754 1456 2.3
1829 1519 2.4
1904 1583 2.5
1978 1646 2.6
2053 1709 2.7
2128 1773 2.8
2203 1836 2.9
2277 1899 3
2351 1963 3.1
2426 2026 3.2
2500 2089 3.3
2574 2153 3.4
2648 2216 3.5
2722 2279 3.6
2796 2343 3.7
2870 2406 3.8
2943 2469 3.9
3017 2533 4
3090 2596 4.1
3163 2659 4.2
3237 2723 4.3
3310 2786 4.4
3383 2849 4.5
3456 2913 4.6
3529 2976 4.7
3601 3039 4.8
3674 3103 4.9
3746 3166 5
3819 3229 5.1
3891 3293 5.2
3963 3356 5.3
4036 3419 5.4
4108 3483 5.5
4180 3546 5.6
4251 3609 5.7
4323 3673 5.8
4395 3736 5.9
4466 3799 6
4538 3863 6.1
4609 3926 6.2
4681 3989 6.3
4752 4053 6.4
4823 4116 6.5
4894 4179 6.6
4965 4243 6.7
5035 4306 6.8
5106 4369 6.9
5177 4433 7
5247 4496 7.1
5317 4559 7.2
5388 4623 7.3
5458 4686 7.4
5528 4749 7.5
5598 4813 7.6
5668 4876 7.7
5738 4939 7.8
5807 5003 7.9
5877 5066 8
5947 5129 8.1
6016 5193 8.2
6085 5256 8.3
6154 5319 8.4
6224 5383 8.5
6293 5446 8.6
6361 5509 8.7
6430 5573 8.8
6499 5636 8.9
6568 5699 9
6636 5763 9.1
6705 5826 9.2
6773 5889 9.3
6841 5953 9.4
6909 6016 9.5
6977 6079 9.6
7045 6143 9.7
7113 6206 9.8
7181 6269 9.9
7248 6333 10
7316 6396 10.1
7383 6459 10.2
7451 6523 10.3
7518 6586 10.4
7585 6649 10.5
7652 6713 10.6
7719 6776 10.7
7786 6839 10.8
7853 6903 10.9
7919 6966 11
7986 7029 11.1
8052 7093 11.2
8119 7156 11.3
8185 7219 11.4
8251 7283 11.5
8317 7346 11.6
8383 7409 11.7
8449 7473 11.8
8515 7536 11.9
8581 7599 12
8646 7663 12.1
8712 7726 12.2
8777 7789 12.3
8842 7853 12.4
8908 7916 12.5
8973 7979 12.6
9038 8043 12.7
9102 8106 12.8
9167 8169 12.9
9232 8233 13
9297 8296 13.1
9361 8359 13.2
9425 8423 13.3
9490 8486 13.4
9554 8549 13.5
9618 8613 13.6
9682 8676 13.7
9746 8739 13.8
9810 8803 13.9
9874 8866 14
9937 8929 14.1
10001 8993 14.2
10064 9056 14.3
10127 9119 14.4
10191 9183 14.5
10254 9246 14.6
10317 9309 14.7
10380 9373 14.8
10443 9436 14.9
10505 9499 15
10568 9563 15.1
10631 9626 15.2
10693 9689 15.3
10755 9753 15.4
10818 9816 15.5
10880 9879 15.6
10942 9943 15.7
11004 10006 15.8
11066 10069 15.9
11127 10133 16
11189 10196 16.1
11251 10259 16.2
11312 10323 16.3
11373 10386 16.4
11435 10449 16.5
11496 10513 16.6
11557 10576 16.7
11618 10639 16.8
11679 10703 16.9
11740 10766 17
11800 10829 17.1
11861 10893 17.2
11921 10956 17.3
11982 11019 17.4
12042 11083 17.5
12102 11146 17.6
12162 11209 17.7
12222 11273 17.8
12282 11336 17.9
12342 11399 18
12402 11463 18.1
12461 11526 18.2
12521 11589 18.3
12580 11653 18.4
12639 11716 18.5
12699 11779 18.6
12758 11843 18.7
12817 11906 18.8
12876 11969 18.9
12935 12033 19
12993 12096 19.1
13052 12159 19.2
13110 12223 19.3
13169 12286 19.4
13227 12349 19.5
13285 12413 19.6
13344 12476 19.7
13402 12539 19.8
13459 12603 19.9
13517 12666 20
13575 12729 20.1
13633 12793 20.2
13690 12856 20.3
13748 12919 20.4
13805 12983 20.5
13862 13046 20.6
13919 13109 20.7
13976 13173 20.8
14033 13236 20.9
14090 13299 21
14147 13363 21.1
14204 13426 21.2
14260 13489 21.3
14317 13553 21.4
14373 13616 21.5
14429 13679 21.6
14486 13743 21.7
14542 13806 21.8
14598 13869 21.9
14653 13933 22
14709 13996 22.1
14765 14059 22.2
14821 14123 22.3
14876 14186 22.4
14931 14249 22.5
14987 14313 22.6
15042 14376 22.7
15097 14439 22.8
15152 14503 22.9
15207 14566 23
15262 14629 23.1
15316 14693 23.2
15371 14756 23.3
15425 14819 23.4
15480 14883 23.5
15534 14946 23.6
15588 15009 23.7
15643 15072 23.8
15697 15136 23.9
15750 15199 24
15804 15262 24.1
15858 15326 24.2
15912 15389 24.3
15965 15452 24.4
16019 15516 24.5
16072 15579 24.6
16125 15642 24.7
16178 15706 24.8
16231 15769 24.9
16284 15832 25
16337 15896 25.1
16390 15959 25.2
16442 16022 25.3
16495 16086 25.4
16547 16149 25.5
16600 16212 25.6
16652 16276 25.7
16704 16339 25.8
16756 16402 25.9
16808 16466 26
16860 16529 26.1
16912 16592 26.2
16964 16656 26.3
17015 16719 26.4
17067 16782 26.5
17118 16846 26.6
17169 16909 26.7
17220 16972 26.8
17271 17036 26.9
17322 17099 27
17373 17162 27.1
17424 17226 27.2
17475 17289 27.3
17525 17352 27.4
17576 17416 27.5
17626 17479 27.6
17677 17542 27.7
17727 17606 27.8
17777 17669 27.9
17827 17732 28
17877 17796 28.1
17927 17859 28.2
17976 17922 28.3
18026 17986 28.4
18075 18049 28.5
18125 18112 28.6
18174 18176 28.7
18223 18239 28.8
18272 18302 28.9
18321 18366 29
18370 18429 29.1
18419 18492 29.2
18468 18556 29.3
18517 18619 29.4
18565 18682 29.5
18613 18746 29.6
18662 18809 29.7
18710 18872 29.8
18758 18936 29.9
18806 18999 30
18854 19062 30.1
18902 19126 30.2
18950 19189 30.3
18997 19252 30.4
19045 19316 30.5
19092 19379 30.6
19140 19442 30.7
19187 19506 30.8
19234 19569 30.9
19281 19632 31
19328 19696 31.1
19375 19759 31.2
19422 19822 31.3
19468 19886 31.4
19515 19949 31.5
19562 20012 31.6
19608 20076 31.7
19654 20139 31.8
19700 20202 31.9
19746 20266 32
19792 20329 32.1
19838 20392 32.2
19884 20456 32.3
19930 20519 32.4
19975 20582 32.5
20021 20646 32.6
20066 20709 32.7
20111 20772 32.8
20157 20836 32.9
20202 20899 33
20247 20962 33.1
20292 21026 33.2
20336 21089 33.3
20381 21152 33.4
20426 21216 33.5
20470 21279 33.6
20515 21342 33.7
20559 21406 33.8
20603 21469 33.9
20647 21532 34
20691 21596 34.1
20735 21659 34.2
20779 21722 34.3
20823 21786 34.4
20867 21849 34.5
20910 21912 34.6
20953 21976 34.7
20997 22039 34.8
21040 22102 34.9
21083 22166 35
21126 22229 35.1
21169 22292 35.2
21212 22356 35.3
21255 22419 35.4
21297 22482 35.5
21340 22546 35.6
21382 22609 35.7
21425 22672 35.8
21467 22736 35.9
21509 22799 36
21551 22862 36.1
21593 22926 36.2
21635 22989 36.3
21677 23052 36.4
21718 23116 36.5
21760 23179 36.6
21802 23242 36.7
21843 23306 36.8
21884 23369 36.9
21925 23432 37
21966 23496 37.1
22007 23559 37.2
22048 23622 37.3
22089 23686 37.4
22130 23749 37.5
22170 23812 37.6
22211 23876 37.7
22251 23939 37.8
22292 24002 37.9
22332 24066 38
22372 24129 38.1
22412 24192 38.2
22452 24256 38.3
22492 24319 38.4
22531 24382 38.5
22571 24446 38.6
22610 24509 38.7
22650 24572 38.8
22689 24636 38.9
22728 24699 39
22767 24762 39.1
22806 24826 39.2
22845 24889 39.3
22884 24952 39.4
22923 25016 39.5
22962 25079 39.6
23000 25142 39.7
23039 25206 39.8
23077 25269 39.9
23115 25332 40
23153 25396 40.1
23191 25459 40.2
23229 25522 40.3
23267 25586 40.4
23305 25649 40.5
23342 25712 40.6
23380 25776 40.7
23418 25839 40.8
23455 25902 40.9
23492 25966 41
23529 26029 41.1
23566 26092 41.2
23603 26156 41.3
23640 26219 41.4
23677 26282 41.5
23714 26346 41.6
23750 26409 41.7
23787 26472 41.8
23823 26536 41.9
23859 26599 42
23895 26662 42.1
23932 26726 42.2
23968 26789 42.3
24003 26852 42.4
24039 26916 42.5
24075 26979 42.6
24111 27042 42.7
24146 27106 42.8
24181 27169 42.9
24217 27232 43
24252 27296 43.1
24287 27359 43.2
24322 27422 43.3
24357 27486 43.4
24392 27549 43.5
24426 27612 43.6
24461 27676 43.7
24496 27739 43.8
24530 27802 43.9
24564 27866 44
24599 27929 44.1
24633 27992 44.2
24667 28056 44.3
24701 28119 44.4
24734 28182 44.5
24768 28246 44.6
24802 28309 44.7
24835 28372 44.8
24869 28436 44.9
24902 28499 45
24935 28562 45.1
24968 28626 45.2
25002 28689 45.3
25034 28752 45.4
25067 28816 45.5
25100 28879 45.6
25133 28942 45.7
25165 29006 45.8
25198 29069 45.9
25230 29132 46
25262 29196 46.1
25294 29259 46.2
25327 29322 46.3
25359 29386 46.4
25390 29449 46.5
25422 29512 46.6
25454 29576 46.7
25485 29639 46.8
25517 29702 46.9
25548 29766 47
25580 29829 47.1
25611 29892 47.2
25642 29955 47.3
25673 30019 47.4
25704 30082 47.5
25734 30145 47.6
25765 30209 47.7
25796 30272 47.8
25826 30335 47.9
25857 30399 48
25887 30462 48.1
25917 30525 48.2
25947 30589 48.3
25977 30652 48.4
26007 30715 48.5
26037 30779 48.6
26067 30842 48.7
26096 30905 48.8
26126 30969 48.9
26155 31032 49
26185 31095 49.1
26214 31159 49.2
26243 31222 49.3
26272 31285 49.4
26301 31349 49.5
26330 31412 49.6
26358 31475 49.7
26387 31539 49.8
26416 31602 49.9
