0 10 -7.848
0.01 9.9995 -7.848
0.02 9.998 -7.848
0.03 9.9956 -7.848
0.04 9.9922 -7.848
0.05 9.9877 -7.848
0.06 9.9823 -7.848
0.07 9.976 -7.848
0.08 9.9686 -7.848
0.09 9.9603 -7.848
0.1 9.951 -7.848
0.11 9.9406 -7.848
0.12 9.9294 -7.848
0.13 9.9171 -7.848
0.14 9.9039 -7.848
0.15 9.8896 -7.848
0.16 9.8744 -7.848
0.17 9.8582 -7.848
0.18 9.8411 -7.848
0.19 9.8229 -7.848
0.2 9.8038 -7.848
0.21 9.7837 -7.848
0.22 9.7626 -7.848
0.23 9.7405 -7.848
0.24 9.7175 -7.848
0.25 9.6934 -7.848
0.26 9.6684 -7.848
0.27 9.6424 -7.848
0.28 9.6154 -7.848
0.29 9.5875 -7.848
0.3 9.5586 -7.848
0.31 9.5286 -7.848
0.32 9.4977 -7.848
0.33 9.4658 -7.848
0.34 9.433 -7.848
0.35 9.3991 -7.848
0.36 9.3643 -7.848
0.37 9.3285 -7.848
0.38 9.2917 -7.848
0.39 9.2539 -7.848
0.4 9.2152 -7.848
0.41 9.1755 -7.848
0.42 9.1348 -7.848
0.43 9.0931 -7.848
0.44 9.0504 -7.848
0.45 9.0067 -7.848
0.46 8.9621 -7.848
0.47 8.9165 -7.848
0.48 8.8699 -7.848
0.49 8.8223 -7.848
0.5 8.7737 -7.848
0.51 8.7242 -7.848
0.52 8.6737 -7.848
0.53 8.6222 -7.848
0.54 8.5697 -7.848
0.55 8.5162 -7.848
0.56 8.4618 -7.848
0.57 8.4064 -7.848
0.58 8.35 -7.848
0.59 8.2926 -7.848
0.6 8.2342 -7.848
0.61 8.1748 -7.848
0.62 8.1145 -7.848
0.63 8.0532 -7.848
0.64 7.9909 -7.848
0.65 7.9276 -7.848
0.66 7.8634 -7.848
0.67 7.7981 -7.848
0.68 7.7319 -7.848
0.69 7.6647 -7.848
0.7 7.5965 -7.848
0.71 7.5274 -7.848
0.72 7.4572 -7.848
0.73 7.3861 -7.848
0.74 7.314 -7.848
0.75 7.2409 -7.848
0.76 7.1669 -7.848
0.77 7.0918 -7.848
0.78 7.0158 -7.848
0.79 6.9388 -7.848
0.8 6.8608 -7.848
0.81 6.7818 -7.848
0.82 6.7019 -7.848
0.83 6.6209 -7.848
0.84 6.539 -7.848
0.85 6.4561 -7.848
0.86 6.3723 -7.848
0.87 6.2874 -7.848
0.88 6.2016 -7.848
0.89 6.1147 -7.848
0.9 6.0269 -7.848
0.91 5.9382 -7.848
0.92 5.8484 -7.848
0.93 5.7577 -7.848
0.94 5.6659 -7.848
0.95 5.5732 -7.848
0.96 5.4796 -7.848
0.97 5.3849 -7.848
0.98 5.2892 -7.848
0.99 5.1926 -7.848
1 5.095 -7.848
1.01 4.9964 -7.848
1.02 4.8968 -7.848
1.03 4.7963 -7.848
1.04 4.6948 -7.848
1.05 4.5922 -7.848
1.06 4.4887 -7.848
1.07 4.3843 -7.848
1.08 4.2788 -7.848
1.09 4.1724 -7.848
1.1 4.0649 -7.848
1.11 3.9565 -7.848
1.12 3.8472 -7.848
1.13 3.7368 -7.848
1.14 3.6255 -7.848
1.15 3.5131 -7.848
1.16 3.3998 -7.848
1.17 3.2855 -7.848
1.18 3.1703 -7.848
1.19 3.054 -7.848
1.2 2.9368 -7.848
1.21 2.8186 -7.848
1.22 2.6994 -7.848
1.23 2.5792 -7.848
1.24 2.4581 -7.848
1.25 2.3359 -7.848
1.26 2.2128 -7.848
1.27 2.0887 -7.848
1.28 1.9636 -7.848
1.29 1.8376 -7.848
1.3 1.7105 -7.848
1.31 1.5825 -7.848
1.32 1.4535 -7.848
1.33 1.3235 -7.848
1.34 1.1926 -7.848
1.35 1.0606 -7.848
1.36 0.92771 -7.848
1.37 0.79381 -7.848
1.38 0.65892 -7.848
1.39 0.52305 -7.848
1.4 0.3862 -7.848
1.41 0.24837 -7.848
1.42 0.10956 -7.848
1.43 -0.030235 -7.848
1.44 -0.17101 -7.848
1.45 -0.31276 -7.848
1.46 -0.4555 -7.848
1.47 -0.59921 -7.848
1.48 -0.74391 -7.848
1.49 -0.88959 -7.848
1.5 -1.0363 -7.848
1.51 -1.1839 -7.848
1.52 -1.3325 -7.848
1.53 -1.4821 -7.848
1.54 -1.6327 -7.848
1.55 -1.7843 -7.848
1.56 -1.9368 -7.848
1.57 -2.0903 -7.848
1.58 -2.2448 -7.848
1.59 -2.4003 -7.848
1.6 -2.5568 -7.848
1.61 -2.7143 -7.848
1.62 -2.8727 -7.848
1.63 -3.0321 -7.848
1.64 -3.1925 -7.848
1.65 -3.3539 -7.848
1.66 -3.5162 -7.848
1.67 -3.6796 -7.848
1.68 -3.8439 -7.848
1.69 -4.0092 -7.848
1.7 -4.1755 -7.848
1.71 -4.3427 -7.848
1.72 -4.511 -7.848
1.73 -4.6802 -7.848
1.74 -4.8504 -7.848
1.75 -5.0216 -7.848
1.76 -5.1937 -7.848
1.77 -5.3669 -7.848
1.78 -5.541 -7.848
1.79 -5.7161 -7.848
1.8 -5.8922 -7.848
1.81 -6.0693 -7.848
1.82 -6.2473 -7.848
1.83 -6.4264 -7.848
1.84 -6.6064 -7.848
1.85 -6.7874 -7.848
1.86 -6.9693 -7.848
1.87 -7.1523 -7.848
1.88 -7.3362 -7.848
1.89 -7.5212 -7.848
1.9 -7.7071 -7.848
1.9 -7.7071 -7.848
1.91 -7.5953 -7.9214
1.92 -7.4845 -7.9918
1.93 -7.3746 -8.0591
1.94 -7.2658 -8.1235
1.95 -7.1579 -8.1847
1.96 -7.051 -8.2429
1.97 -6.9451 -8.2979
1.98 -6.8402 -8.3497
1.99 -6.7363 -8.3983
2 -6.6333 -8.4438
2.01 -6.5313 -8.4859
2.02 -6.4303 -8.5249
2.03 -6.3303 -8.5605
2.04 -6.2313 -8.5928
2.05 -6.1332 -8.6219
2.06 -6.0362 -8.6475
2.07 -5.9401 -8.6699
2.08 -5.845 -8.6889
2.09 -5.7508 -8.7045
2.1 -5.6577 -8.7168
2.11 -5.5655 -8.7257
2.12 -5.4743 -8.7312
2.13 -5.3841 -8.7333
2.14 -5.2949 -8.732
2.15 -5.2067 -8.7274
2.16 -5.1194 -8.7193
2.17 -5.0331 -8.7079
2.18 -4.9478 -8.6931
2.19 -4.8635 -8.675
2.2 -4.7802 -8.6535
2.21 -4.6978 -8.6286
2.22 -4.6164 -8.6004
2.23 -4.536 -8.5689
2.24 -4.4566 -8.5341
2.25 -4.3782 -8.496
2.26 -4.3007 -8.4547
2.27 -4.2243 -8.41
2.28 -4.1488 -8.3622
2.29 -4.0742 -8.3112
2.3 -4.0007 -8.257
2.31 -3.9282 -8.1996
2.32 -3.8566 -8.1391
2.33 -3.786 -8.0756
2.34 -3.7164 -8.009
2.35 -3.6478 -7.9393
2.36 -3.5801 -7.8667
2.37 -3.5135 -7.7911
2.38 -3.4478 -7.7126
2.39 -3.3831 -7.6312
2.4 -3.3194 -7.547
2.41 -3.2567 -7.46
2.42 -3.1949 -7.3703
2.43 -3.1341 -7.2778
2.44 -3.0743 -7.1827
2.45 -3.0155 -7.085
2.46 -2.9577 -6.9847
2.47 -2.9008 -6.8819
2.48 -2.845 -6.7767
2.49 -2.7901 -6.669
2.5 -2.7362 -6.559
2.51 -2.6832 -6.4467
2.52 -2.6313 -6.3322
2.53 -2.5803 -6.2154
2.54 -2.5303 -6.0965
2.55 -2.4813 -5.9756
2.56 -2.4333 -5.8527
2.57 -2.3863 -5.7278
2.58 -2.3402 -5.601
2.59 -2.2951 -5.4724
2.6 -2.251 -5.3421
2.61 -2.2079 -5.2101
2.62 -2.1658 -5.0764
2.63 -2.1246 -4.9412
2.64 -2.0844 -4.8045
2.65 -2.0452 -4.6664
2.66 -2.007 -4.5269
2.67 -1.9698 -4.3861
2.68 -1.9336 -4.2442
2.69 -1.8983 -4.1011
2.7 -1.864 -3.9569
2.71 -1.8307 -3.8117
2.72 -1.7984 -3.6656
2.73 -1.767 -3.5186
2.74 -1.7366 -3.3709
2.75 -1.7073 -3.2225
2.76 -1.6789 -3.0734
2.77 -1.6514 -2.9238
2.78 -1.625 -2.7737
2.79 -1.5995 -2.6232
2.8 -1.5751 -2.4723
2.81 -1.5516 -2.3212
2.82 -1.529 -2.17
2.83 -1.5075 -2.0186
2.84 -1.487 -1.8672
2.85 -1.4674 -1.7158
2.86 -1.4488 -1.5646
2.86 -1.4488 -1.5646
2.87 -1.4438 -1.6678
2.88 -1.4398 -1.7711
2.89 -1.4367 -1.8746
2.9 -1.4347 -1.9781
2.91 -1.4336 -2.0816
2.92 -1.4335 -2.185
2.93 -1.4344 -2.2883
2.94 -1.4363 -2.3915
2.95 -1.4391 -2.4944
2.96 -1.443 -2.5971
2.97 -1.4478 -2.6995
2.98 -1.4536 -2.8015
2.99 -1.4603 -2.903
3 -1.4681 -3.0041
3.01 -1.4768 -3.1047
3.02 -1.4865 -3.2047
3.03 -1.4972 -3.3041
3.04 -1.5089 -3.4028
3.05 -1.5216 -3.5008
3.06 -1.5352 -3.598
3.07 -1.5498 -3.6944
3.08 -1.5654 -3.79
3.09 -1.582 -3.8846
3.1 -1.5996 -3.9783
3.11 -1.6181 -4.0709
3.12 -1.6377 -4.1625
3.13 -1.6582 -4.253
3.14 -1.6797 -4.3424
3.15 -1.7021 -4.4305
3.16 -1.7256 -4.5175
3.17 -1.75 -4.6031
3.18 -1.7754 -4.6875
3.19 -1.8018 -4.7704
3.2 -1.8292 -4.852
3.21 -1.8575 -4.9321
3.22 -1.8869 -5.0108
3.23 -1.9172 -5.0879
3.24 -1.9485 -5.1634
3.25 -1.9808 -5.2374
3.26 -2.014 -5.3097
3.27 -2.0483 -5.3803
3.28 -2.0835 -5.4493
3.29 -2.1197 -5.5164
3.3 -2.1569 -5.5818
3.31 -2.1951 -5.6454
3.32 -2.2342 -5.7072
3.33 -2.2743 -5.7671
3.34 -2.3154 -5.8251
3.35 -2.3575 -5.8811
3.36 -2.4006 -5.9352
3.37 -2.4446 -5.9873
3.38 -2.4897 -6.0374
3.39 -2.5357 -6.0855
3.4 -2.5827 -6.1315
3.41 -2.6307 -6.1754
3.42 -2.6796 -6.2172
3.43 -2.7296 -6.2568
3.44 -2.7805 -6.2944
3.45 -2.8324 -6.3297
3.46 -2.8853 -6.3629
3.47 -2.9391 -6.3939
3.48 -2.994 -6.4226
3.49 -3.0498 -6.4492
3.5 -3.1066 -6.4735
3.51 -3.1644 -6.4955
3.52 -3.2231 -6.5152
3.53 -3.2829 -6.5327
3.54 -3.3436 -6.5479
3.55 -3.4053 -6.5608
3.56 -3.468 -6.5715
3.57 -3.5317 -6.5798
3.58 -3.5963 -6.5858
3.59 -3.662 -6.5894
3.6 -3.7286 -6.5908
3.61 -3.7962 -6.5899
3.62 -3.8648 -6.5866
3.63 -3.9343 -6.5811
3.64 -4.0049 -6.5732
3.65 -4.0764 -6.563
3.66 -4.1489 -6.5505
3.67 -4.2224 -6.5357
3.68 -4.2968 -6.5187
3.69 -4.3723 -6.4993
3.7 -4.4487 -6.4777
3.71 -4.5261 -6.4538
3.72 -4.6045 -6.4277
3.73 -4.6839 -6.3994
3.74 -4.7642 -6.3688
3.75 -4.8455 -6.336
3.76 -4.9278 -6.3011
3.77 -5.0111 -6.264
3.78 -5.0954 -6.2247
3.79 -5.1807 -6.1833
3.8 -5.2669 -6.1397
3.81 -5.3541 -6.0941
3.82 -5.4423 -6.0465
3.83 -5.5315 -5.9967
3.84 -5.6216 -5.945
3.85 -5.7128 -5.8913
3.86 -5.8049 -5.8356
3.86 -5.8049 -5.8356
3.87 -5.4759 -5.9443
3.88 -5.1479 -6.051
3.89 -4.8209 -6.1557
3.9 -4.4948 -6.2582
3.91 -4.1697 -6.3587
3.92 -3.8457 -6.4569
3.93 -3.5226 -6.5529
3.94 -3.2004 -6.6466
3.95 -2.8793 -6.7379
3.96 -2.5591 -6.8268
3.97 -2.2399 -6.9134
3.98 -1.9217 -6.9974
3.99 -1.6045 -7.0789
4 -1.2883 -7.1579
4.01 -0.97301 -7.2343
4.02 -0.65874 -7.308
4.03 -0.34544 -7.3791
4.04 -0.033123 -7.4474
4.05 0.27821 -7.513
4.06 0.58857 -7.5758
4.07 0.89794 -7.6359
4.08 1.2063 -7.6931
4.09 1.5137 -7.7474
4.1 1.8202 -7.7988
4.11 2.1256 -7.8473
4.12 2.4301 -7.8929
4.13 2.7336 -7.9355
4.14 3.0361 -7.9751
4.15 3.3376 -8.0117
4.16 3.6382 -8.0453
4.17 3.9377 -8.0759
4.18 4.2363 -8.1034
4.19 4.5339 -8.1278
4.2 4.8305 -8.1491
4.21 5.1262 -8.1674
4.22 5.4208 -8.1825
4.23 5.7145 -8.1945
4.24 6.0072 -8.2035
4.25 6.2989 -8.2092
4.26 6.5896 -8.2119
4.27 6.8794 -8.2115
4.28 7.1682 -8.2079
4.29 7.456 -8.2012
4.3 7.7428 -8.1914
4.31 8.0286 -8.1784
4.32 8.3134 -8.1624
4.33 8.5973 -8.1432
4.34 8.8802 -8.121
4.35 9.1621 -8.0957
4.36 9.443 -8.0673
4.37 9.723 -8.0359
4.38 10.002 -8.0014
4.39 10.28 -7.9639
4.4 10.557 -7.9234
4.41 10.833 -7.8799
4.42 11.108 -7.8335
4.43 11.382 -7.7842
4.44 11.655 -7.7319
4.45 11.927 -7.6767
4.46 12.198 -7.6187
4.47 12.468 -7.5578
4.48 12.738 -7.4942
4.49 13.006 -7.4278
4.5 13.273 -7.3586
4.51 13.539 -7.2868
4.52 13.804 -7.2123
4.53 14.069 -7.1352
4.54 14.332 -7.0555
4.55 14.594 -6.9732
4.56 14.855 -6.8884
4.57 15.116 -6.8012
4.58 15.375 -6.7115
4.59 15.634 -6.6195
4.6 15.891 -6.5252
4.61 16.147 -6.4285
4.62 16.403 -6.3297
4.63 16.657 -6.2286
4.64 16.911 -6.1254
4.65 17.163 -6.0202
4.66 17.415 -5.9129
4.67 17.665 -5.8036
4.68 17.915 -5.6924
4.69 18.163 -5.5793
4.7 18.411 -5.4645
4.71 18.657 -5.3479
4.72 18.903 -5.2296
4.73 19.148 -5.1096
4.74 19.391 -4.9881
4.75 19.634 -4.8651
4.76 19.876 -4.7406
4.77 20.116 -4.6147
4.78 20.356 -4.4875
4.79 20.595 -4.3591
4.8 20.832 -4.2294
4.81 21.069 -4.0986
4.82 21.305 -3.9667
4.83 21.54 -3.8339
4.84 21.774 -3.7001
4.85 22.007 -3.5654
4.86 22.238 -3.4299
4.87 22.469 -3.2937
4.88 22.699 -3.1569
4.89 22.928 -3.0194
4.9 23.156 -2.8814
4.91 23.383 -2.743
4.92 23.609 -2.6041
4.93 23.834 -2.4649
4.94 24.058 -2.3255
4.95 24.281 -2.1859
4.96 24.503 -2.0462
4.97 24.724 -1.9065
4.98 24.944 -1.7667
4.99 25.164 -1.6271
5 25.382 -1.4876
5.01 25.599 -1.3484
5.02 25.815 -1.2095
5.03 26.03 -1.071
5.04 26.244 -0.93287
5.05 26.458 -0.79529
5.06 26.67 -0.6583
5.07 26.881 -0.52195
5.08 27.091 -0.38633
5.09 27.301 -0.25149
5.1 27.509 -0.11751
5.11 27.716 0.015554
5.12 27.923 0.14763
5.13 28.128 0.27864
5.14 28.333 0.40854
5.15 28.536 0.53725
5.16 28.739 0.66471
5.17 28.94 0.79086
5.18 29.14 0.91563
5.19 29.34 1.039
5.2 29.538 1.1608
5.21 29.736 1.2811
5.22 29.933 1.3997
5.23 30.128 1.5167
5.24 30.323 1.6319
5.25 30.516 1.7453
5.26 30.709 1.8569
5.27 30.901 1.9666
5.28 31.091 2.0743
5.29 31.281 2.18
5.3 31.47 2.2836
5.31 31.657 2.3851
5.32 31.844 2.4844
5.33 32.03 2.5815
5.34 32.215 2.6763
5.35 32.399 2.7689
5.36 32.581 2.859
5.37 32.763 2.9467
5.38 32.944 3.032
5.39 33.124 3.1148
5.4 33.303 3.195
5.41 33.481 3.2727
5.42 33.658 3.3477
5.43 33.834 3.4201
5.44 34.009 3.4898
5.45 34.183 3.5568
5.46 34.356 3.621
5.47 34.528 3.6824
5.48 34.699 3.741
5.49 34.869 3.7968
5.5 35.038 3.8497
5.51 35.206 3.8996
5.52 35.373 3.9467
5.53 35.539 3.9907
5.54 35.704 4.0318
5.55 35.869 4.07
5.56 36.032 4.105
5.57 36.194 4.1371
5.58 36.355 4.1661
5.59 36.516 4.1921
5.6 36.675 4.2149
5.61 36.833 4.2347
5.62 36.99 4.2514
5.63 37.147 4.265
5.64 37.302 4.2754
5.65 37.457 4.2828
5.66 37.61 4.287
5.67 37.762 4.2881
5.68 37.914 4.286
5.69 38.064 4.2809
5.7 38.214 4.2726
5.71 38.362 4.2612
5.72 38.51 4.2467
5.73 38.656 4.2291
5.74 38.802 4.2084
5.75 38.946 4.1846
5.76 39.09 4.1578
5.77 39.233 4.1279
5.78 39.374 4.0949
5.79 39.515 4.0589
5.8 39.654 4.0199
5.81 39.793 3.9779
5.82 39.931 3.9329
5.83 40.068 3.885
5.84 40.203 3.8342
5.85 40.338 3.7805
5.86 40.472 3.7238
5.87 40.605 3.6644
5.88 40.736 3.6021
5.89 40.867 3.5371
5.9 40.997 3.4693
5.91 41.126 3.3988
5.92 41.254 3.3256
5.93 41.381 3.2498
5.94 41.507 3.1713
5.95 41.632 3.0903
5.96 41.756 3.0068
5.97 41.879 2.9208
5.98 42.001 2.8323
5.99 42.122 2.7415
6 42.242 2.6483
6.01 42.361 2.5528
6.02 42.479 2.455
6.03 42.596 2.355
6.04 42.712 2.2529
6.05 42.827 2.1487
6.06 42.941 2.0424
6.07 43.054 1.9341
6.08 43.167 1.8238
6.09 43.278 1.7117
6.1 43.388 1.5977
6.11 43.497 1.482
6.12 43.606 1.3645
6.13 43.713 1.2453
6.14 43.819 1.1246
6.15 43.925 1.0023
6.16 44.029 0.87854
6.17 44.132 0.75335
6.18 44.235 0.6268
6.19 44.336 0.49896
6.2 44.436 0.36989
6.21 44.536 0.23965
6.22 44.634 0.10831
6.23 44.732 -0.024059
6.24 44.828 -0.1574
6.25 44.924 -0.29165
6.26 45.018 -0.42673
6.27 45.112 -0.56257
6.28 45.204 -0.69912
6.29 45.296 -0.8363
6.3 45.387 -0.97404
6.31 45.476 -1.1123
6.32 45.565 -1.2509
6.33 45.653 -1.39
6.34 45.739 -1.5293
6.35 45.825 -1.6688
6.36 45.91 -1.8084
6.37 45.993 -1.9482
6.38 46.076 -2.0879
6.39 46.158 -2.2276
6.4 46.239 -2.3672
6.41 46.319 -2.5065
6.42 46.397 -2.6456
6.43 46.475 -2.7843
6.44 46.552 -2.9227
6.45 46.628 -3.0605
6.46 46.703 -3.1978
6.47 46.777 -3.3345
6.48 46.85 -3.4705
6.49 46.922 -3.6057
6.5 46.993 -3.7401
6.51 47.063 -3.8736
6.52 47.132 -4.0062
6.53 47.2 -4.1378
6.54 47.267 -4.2682
6.55 47.333 -4.3975
6.56 47.398 -4.5256
6.57 47.462 -4.6524
6.58 47.525 -4.7779
6.59 47.588 -4.9019
6.6 47.649 -5.0245
6.61 47.709 -5.1456
6.62 47.768 -5.265
6.63 47.826 -5.3828
6.64 47.884 -5.499
6.65 47.94 -5.6133
6.66 47.995 -5.7258
6.67 48.05 -5.8364
6.68 48.103 -5.9451
6.69 48.155 -6.0518
6.7 48.207 -6.1564
6.71 48.257 -6.259
6.72 48.306 -6.3594
6.73 48.355 -6.4576
6.74 48.402 -6.5536
6.75 48.449 -6.6472
6.76 48.494 -6.7386
6.77 48.539 -6.8275
6.78 48.582 -6.914
6.79 48.625 -6.998
6.8 48.666 -7.0795
6.81 48.707 -7.1585
6.82 48.747 -7.2348
6.83 48.785 -7.3085
6.84 48.823 -7.3796
6.85 48.859 -7.4479
6.86 48.895 -7.5135
6.87 48.93 -7.5763
6.88 48.964 -7.6363
6.89 48.996 -7.6935
6.9 49.028 -7.7478
6.91 49.059 -7.7992
6.92 49.089 -7.8477
6.93 49.117 -7.8932
6.94 49.145 -7.9358
6.95 49.172 -7.9754
6.96 49.198 -8.012
6.97 49.223 -8.0456
6.98 49.247 -8.0761
6.99 49.27 -8.1036
7 49.292 -8.128
7.01 49.313 -8.1493
7.02 49.333 -8.1675
7.03 49.352 -8.1826
7.04 49.37 -8.1946
7.05 49.387 -8.2035
7.06 49.403 -8.2093
7.07 49.418 -8.2119
7.08 49.432 -8.2114
7.09 49.445 -8.2078
7.1 49.457 -8.2011
7.11 49.468 -8.1913
7.12 49.478 -8.1783
7.13 49.488 -8.1622
7.14 49.496 -8.1431
7.15 49.503 -8.1208
7.16 49.509 -8.0955
7.17 49.514 -8.0671
7.18 49.519 -8.0356
7.19 49.522 -8.0011
7.2 49.524 -7.9636
7.21 49.526 -7.9231
7.22 49.526 -7.8796
7.23 49.525 -7.8332
7.24 49.524 -7.7838
7.25 49.521 -7.7315
7.26 49.518 -7.6763
7.27 49.513 -7.6183
7.28 49.508 -7.5574
7.29 49.501 -7.4937
7.3 49.494 -7.4273
7.31 49.485 -7.3581
7.32 49.476 -7.2863
7.33 49.465 -7.2117
7.34 49.454 -7.1346
7.35 49.441 -7.0549
7.36 49.428 -6.9726
7.37 49.414 -6.8878
7.38 49.398 -6.8005
7.39 49.382 -6.7109
7.4 49.365 -6.6188
7.41 49.346 -6.5245
7.42 49.327 -6.4278
7.43 49.307 -6.3289
7.44 49.286 -6.2279
7.45 49.264 -6.1247
7.46 49.24 -6.0194
7.47 49.216 -5.9121
7.48 49.191 -5.8028
7.49 49.165 -5.6916
7.5 49.138 -5.5785
7.51 49.11 -5.4636
7.52 49.081 -5.347
7.53 49.051 -5.2287
7.54 49.02 -5.1087
7.55 48.988 -4.9872
7.56 48.955 -4.8641
7.57 48.921 -4.7397
7.58 48.886 -4.6138
7.59 48.85 -4.4866
7.6 48.813 -4.3581
7.61 48.775 -4.2284
7.62 48.736 -4.0976
7.63 48.696 -3.9658
7.64 48.655 -3.8329
7.65 48.613 -3.6991
7.66 48.571 -3.5644
7.67 48.527 -3.4289
7.68 48.482 -3.2927
7.69 48.436 -3.1559
7.7 48.39 -3.0184
7.71 48.342 -2.8804
7.72 48.293 -2.7419
7.73 48.244 -2.6031
7.74 48.193 -2.4639
7.75 48.141 -2.3245
7.76 48.089 -2.1849
7.77 48.035 -2.0452
7.78 47.98 -1.9054
7.79 47.925 -1.7657
7.8 47.868 -1.6261
7.81 47.811 -1.4866
7.82 47.752 -1.3474
7.83 47.693 -1.2085
7.84 47.632 -1.0699
7.85 47.571 -0.93185
7.86 47.509 -0.79428
7.87 47.445 -0.65728
7.88 47.381 -0.52094
7.89 47.315 -0.38532
7.9 47.249 -0.25049
7.91 47.182 -0.11652
7.92 47.113 0.016537
7.93 47.044 0.1486
7.94 46.974 0.27961
7.95 46.903 0.4095
7.96 46.83 0.5382
7.97 46.757 0.66565
7.98 46.683 0.79179
7.99 46.608 0.91655
8 46.532 1.0399
8.01 46.454 1.1617
8.02 46.376 1.282
8.03 46.297 1.4006
8.04 46.217 1.5175
8.05 46.136 1.6328
8.06 46.054 1.7462
8.07 45.971 1.8577
8.08 45.887 1.9674
8.09 45.802 2.0751
8.1 45.716 2.1808
8.11 45.629 2.2844
8.12 45.541 2.3858
8.13 45.452 2.4852
8.14 45.362 2.5822
8.15 45.271 2.677
8.16 45.18 2.7695
8.17 45.087 2.8597
8.18 44.993 2.9474
8.19 44.898 3.0326
8.2 44.802 3.1154
8.21 44.706 3.1956
8.22 44.608 3.2733
8.23 44.509 3.3483
8.24 44.409 3.4207
8.25 44.309 3.4903
8.26 44.207 3.5573
8.27 44.104 3.6215
8.28 44.001 3.6829
8.29 43.896 3.7415
8.3 43.791 3.7972
8.31 43.684 3.85
8.32 43.576 3.9
8.33 43.468 3.947
8.34 43.358 3.9911
8.35 43.248 4.0321
8.36 43.136 4.0702
8.37 43.024 4.1053
8.38 42.911 4.1373
8.39 42.796 4.1663
8.4 42.681 4.1922
8.41 42.564 4.2151
8.42 42.447 4.2348
8.43 42.329 4.2515
8.44 42.209 4.265
8.45 42.089 4.2755
8.46 41.968 4.2828
8.47 41.845 4.287
8.48 41.722 4.2881
8.49 41.598 4.286
8.5 41.473 4.2808
8.51 41.347 4.2726
8.52 41.219 4.2611
8.53 41.091 4.2466
8.54 40.962 4.229
8.55 40.832 4.2083
8.56 40.701 4.1844
8.57 40.569 4.1576
8.58 40.436 4.1276
8.59 40.302 4.0946
8.6 40.167 4.0586
8.61 40.031 4.0196
8.62 39.894 3.9776
8.63 39.756 3.9326
8.64 39.617 3.8847
8.65 39.477 3.8338
8.66 39.336 3.78
8.67 39.194 3.7234
8.68 39.051 3.6639
8.69 38.907 3.6017
8.7 38.763 3.5366
8.71 38.617 3.4688
8.72 38.47 3.3983
8.73 38.322 3.3251
8.74 38.173 3.2492
8.75 38.024 3.1708
8.76 37.873 3.0897
8.77 37.721 3.0062
8.78 37.569 2.9201
8.79 37.415 2.8317
8.8 37.26 2.7408
8.81 37.105 2.6476
8.82 36.948 2.5521
8.83 36.79 2.4543
8.84 36.632 2.3543
8.85 36.472 2.2521
8.86 36.312 2.1479
8.87 36.15 2.0416
8.88 35.988 1.9333
8.89 35.824 1.823
8.9 35.66 1.7108
8.91 35.495 1.5969
8.92 35.328 1.4811
8.93 35.161 1.3636
8.94 34.992 1.2444
8.95 34.823 1.1237
8.96 34.653 1.0014
8.97 34.481 0.87762
8.98 34.309 0.75242
8.99 34.136 0.62586
9 33.961 0.49801
9.01 33.786 0.36893
9.02 33.61 0.23868
9.03 33.433 0.10734
9.04 33.255 -0.025044
9.05 33.075 -0.15839
9.06 32.895 -0.29264
9.07 32.714 -0.42773
9.08 32.532 -0.56358
9.09 32.349 -0.70013
9.1 32.165 -0.83732
9.11 31.98 -0.97506
9.12 31.794 -1.1133
9.13 31.607 -1.252
9.14 31.419 -1.391
9.15 31.23 -1.5303
9.16 31.04 -1.6698
9.17 30.849 -1.8095
9.18 30.657 -1.9492
9.19 30.464 -2.089
9.2 30.27 -2.2286
9.21 30.075 -2.3682
9.22 29.88 -2.5075
9.23 29.683 -2.6466
9.24 29.485 -2.7854
9.25 29.286 -2.9237
9.26 29.086 -3.0615
9.27 28.886 -3.1988
9.28 28.684 -3.3355
9.29 28.481 -3.4715
9.3 28.278 -3.6067
9.31 28.073 -3.7411
9.32 27.867 -3.8746
9.33 27.661 -4.0072
9.34 27.453 -4.1387
9.35 27.244 -4.2692
9.36 27.035 -4.3985
9.37 26.824 -4.5266
9.38 26.613 -4.6534
9.39 26.4 -4.7788
9.4 26.187 -4.9029
9.41 25.972 -5.0254
9.42 25.757 -5.1465
9.43 25.54 -5.2659
9.44 25.323 -5.3837
9.45 25.104 -5.4998
9.46 24.885 -5.6141
9.47 24.665 -5.7266
9.48 24.443 -5.8372
9.49 24.221 -5.9459
9.5 23.998 -6.0526
9.51 23.773 -6.1572
9.52 23.548 -6.2598
9.53 23.322 -6.3601
9.54 23.095 -6.4583
9.55 22.866 -6.5543
9.56 22.637 -6.6479
9.57 22.407 -6.7392
9.58 22.176 -6.8281
9.59 21.944 -6.9146
9.6 21.711 -6.9986
9.61 21.477 -7.0801
9.62 21.241 -7.159
9.63 21.005 -7.2354
9.64 20.768 -7.3091
9.65 20.53 -7.3801
9.66 20.291 -7.4484
9.67 20.051 -7.514
9.68 19.81 -7.5768
9.69 19.568 -7.6367
9.7 19.326 -7.6939
9.71 19.082 -7.7482
9.72 18.837 -7.7996
9.73 18.591 -7.848
9.74 18.344 -7.8936
9.75 18.096 -7.9361
9.76 17.847 -7.9757
9.77 17.598 -8.0123
9.78 17.347 -8.0458
9.79 17.095 -8.0763
9.8 16.842 -8.1038
9.81 16.589 -8.1281
9.82 16.334 -8.1494
9.83 16.078 -8.1676
9.84 15.821 -8.1827
9.85 15.564 -8.1947
9.86 15.305 -8.2036
9.87 15.046 -8.2093
9.88 14.785 -8.2119
9.89 14.523 -8.2114
9.9 14.261 -8.2078
9.91 13.997 -8.2011
9.92 13.733 -8.1912
9.93 13.467 -8.1782
9.94 13.201 -8.1621
9.95 12.933 -8.1429
9.96 12.665 -8.1206
9.97 12.396 -8.0953
9.98 12.125 -8.0669
9.99 11.854 -8.0354
10 11.581 -8.0009
10.01 11.308 -7.9633
10.02 11.034 -7.9228
10.03 10.758 -7.8793
10.04 10.482 -7.8328
10.05 10.205 -7.7834
10.06 9.9267 -7.7311
10.07 9.6475 -7.6759
10.08 9.3672 -7.6178
10.09 9.0861 -7.5569
10.1 8.8039 -7.4932
10.11 8.5207 -7.4268
10.12 8.2366 -7.3576
10.13 7.9515 -7.2857
10.14 7.6654 -7.2112
10.15 7.3783 -7.134
10.16 7.0903 -7.0543
10.17 6.8012 -6.972
10.18 6.5112 -6.8872
10.19 6.2202 -6.7999
10.2 5.9282 -6.7102
10.21 5.6353 -6.6181
10.22 5.3413 -6.5238
10.23 5.0464 -6.4271
10.24 4.7505 -6.3282
10.25 4.4536 -6.2271
10.26 4.1558 -6.1239
10.27 3.8569 -6.0186
10.28 3.5571 -5.9113
10.29 3.2563 -5.802
10.3 2.9545 -5.6907
10.31 2.6517 -5.5777
10.32 2.348 -5.4628
10.33 2.0432 -5.3461
10.34 1.7375 -5.2278
10.35 1.4308 -5.1078
10.36 1.1231 -4.9863
10.37 0.81448 -4.8632
10.38 0.50484 -4.7387
10.39 0.19423 -4.6128
10.4 -0.11737 -4.4856
10.41 -0.42996 -4.3571
10.42 -0.74352 -4.2275
10.43 -1.0581 -4.0967
10.44 -1.3736 -3.9648
10.45 -1.6901 -3.8319
10.46 -2.0076 -3.6981
10.47 -2.326 -3.5634
10.48 -2.6455 -3.4279
10.49 -2.9659 -3.2917
10.49 -2.9659 -3.2917
10.5 -2.666 -3.6159
10.51 -2.367 -3.9393
10.52 -2.069 -4.2617
10.53 -1.772 -4.583
10.54 -1.476 -4.9029
10.55 -1.181 -5.2214
10.56 -0.88693 -5.5382
10.57 -0.59385 -5.8533
10.58 -0.30176 -6.1664
10.59 -0.010643 -6.4774
10.6 0.27949 -6.7862
10.61 0.56864 -7.0925
10.62 0.85681 -7.3963
10.63 1.144 -7.6973
10.64 1.4302 -7.9955
10.65 1.7154 -8.2907
10.66 1.9997 -8.5827
10.67 2.2829 -8.8714
10.68 2.5652 -9.1566
10.69 2.8465 -9.4383
10.7 3.1269 -9.7162
10.71 3.4062 -9.9902
10.72 3.6846 -10.26
10.73 3.9619 -10.526
10.74 4.2383 -10.788
10.75 4.5138 -11.045
10.76 4.7882 -11.298
10.77 5.0616 -11.545
10.78 5.3341 -11.789
10.79 5.6056 -12.027
10.8 5.8761 -12.26
10.81 6.1457 -12.488
10.82 6.4142 -12.711
10.83 6.6818 -12.928
10.84 6.9484 -13.14
10.85 7.214 -13.347
10.86 7.4786 -13.547
10.87 7.7422 -13.742
10.88 8.0049 -13.931
10.89 8.2666 -14.114
10.9 8.5273 -14.291
10.91 8.787 -14.462
10.92 9.0457 -14.627
10.93 9.3035 -14.785
10.94 9.5603 -14.937
10.95 9.8161 -15.082
10.96 10.071 -15.221
10.97 10.325 -15.353
10.98 10.578 -15.478
10.99 10.829 -15.597
11 11.08 -15.709
11.01 11.33 -15.814
11.02 11.579 -15.912
11.03 11.827 -16.003
11.04 12.074 -16.087
11.05 12.32 -16.164
11.06 12.565 -16.234
11.07 12.809 -16.296
11.08 13.052 -16.352
11.09 13.294 -16.4
11.1 13.535 -16.441
11.11 13.775 -16.475
11.12 14.015 -16.502
11.13 14.253 -16.521
11.14 14.49 -16.533
11.15 14.726 -16.538
11.16 14.961 -16.536
11.17 15.195 -16.526
11.18 15.429 -16.509
11.19 15.661 -16.485
11.2 15.892 -16.453
11.21 16.122 -16.414
11.22 16.352 -16.368
11.23 16.58 -16.315
11.24 16.807 -16.255
11.25 17.034 -16.187
11.26 17.259 -16.112
11.27 17.484 -16.031
11.28 17.707 -15.942
11.29 17.929 -15.846
11.3 18.151 -15.743
11.31 18.371 -15.634
11.32 18.591 -15.517
11.33 18.809 -15.394
11.34 19.027 -15.264
11.35 19.244 -15.128
11.36 19.459 -14.985
11.37 19.674 -14.835
11.38 19.887 -14.679
11.39 20.1 -14.516
11.4 20.312 -14.348
11.41 20.522 -14.173
11.42 20.732 -13.992
11.43 20.941 -13.805
11.44 21.148 -13.612
11.45 21.355 -13.413
11.46 21.561 -13.208
11.47 21.766 -12.998
11.48 21.97 -12.782
11.49 22.172 -12.561
11.5 22.374 -12.335
11.51 22.575 -12.103
11.52 22.775 -11.867
11.53 22.974 -11.625
11.54 23.172 -11.379
11.55 23.369 -11.128
11.56 23.565 -10.872
11.57 23.76 -10.612
11.58 23.954 -10.347
11.59 24.147 -10.079
11.6 24.339 -9.8059
11.61 24.53 -9.5292
11.62 24.72 -9.2487
11.63 24.909 -8.9647
11.64 25.097 -8.6771
11.65 25.284 -8.3861
11.66 25.47 -8.092
11.67 25.655 -7.7947
11.68 25.84 -7.4946
11.69 26.023 -7.1917
11.7 26.205 -6.8862
11.71 26.386 -6.5782
11.72 26.567 -6.2679
11.73 26.746 -5.9555
11.74 26.924 -5.641
11.75 27.101 -5.3248
11.76 27.278 -5.0068
11.77 27.453 -4.6873
11.78 27.627 -4.3665
11.79 27.801 -4.0444
11.8 27.973 -3.7213
11.81 28.145 -3.3974
11.82 28.315 -3.0727
11.83 28.485 -2.7474
11.84 28.653 -2.4218
11.85 28.821 -2.0959
11.86 28.987 -1.77
11.87 29.153 -1.4442
11.88 29.317 -1.1186
11.89 29.481 -0.79345
11.9 29.643 -0.46888
11.91 29.805 -0.14505
11.92 29.966 0.17786
11.93 30.125 0.4997
11.94 30.284 0.82032
11.95 30.442 1.1395
11.96 30.598 1.4572
11.97 30.754 1.7732
11.98 30.909 2.0873
11.99 31.063 2.3993
12 31.216 2.7092
12.01 31.367 3.0168
12.02 31.518 3.3219
12.03 31.668 3.6243
12.04 31.817 3.9239
12.05 31.965 4.2206
12.06 32.112 4.5142
12.07 32.258 4.8045
12.08 32.403 5.0915
12.09 32.547 5.375
12.1 32.689 5.6547
12.11 32.831 5.9307
12.12 32.973 6.2027
12.13 33.113 6.4707
12.14 33.252 6.7344
12.15 33.39 6.9938
12.16 33.527 7.2487
12.17 33.663 7.499
12.18 33.798 7.7446
12.19 33.932 7.9853
12.2 34.065 8.221
12.21 34.198 8.4517
12.22 34.329 8.6771
12.23 34.459 8.8972
12.24 34.588 9.1119
12.25 34.716 9.3211
12.26 34.844 9.5246
12.27 34.97 9.7224
12.28 35.095 9.9143
12.29 35.22 10.1
12.3 35.343 10.28
12.31 35.465 10.454
12.32 35.587 10.622
12.33 35.707 10.783
12.34 35.827 10.938
12.35 35.945 11.087
12.36 36.063 11.229
12.37 36.179 11.364
12.38 36.295 11.493
12.39 36.409 11.615
12.4 36.523 11.73
12.41 36.635 11.838
12.42 36.747 11.94
12.43 36.858 12.034
12.44 36.967 12.122
12.45 37.076 12.202
12.46 37.183 12.276
12.47 37.29 12.342
12.48 37.396 12.401
12.49 37.501 12.453
12.5 37.604 12.498
12.51 37.707 12.535
12.52 37.809 12.566
12.53 37.91 12.589
12.54 38.01 12.604
12.55 38.108 12.613
12.56 38.206 12.614
12.57 38.303 12.608
12.58 38.399 12.594
12.59 38.494 12.574
12.6 38.588 12.546
12.61 38.681 12.511
12.62 38.773 12.468
12.63 38.864 12.418
12.64 38.954 12.362
12.65 39.043 12.298
12.66 39.131 12.226
12.67 39.218 12.148
12.68 39.304 12.063
12.69 39.389 11.971
12.7 39.473 11.871
12.71 39.556 11.765
12.72 39.638 11.652
12.73 39.72 11.532
12.74 39.8 11.406
12.75 39.879 11.272
12.76 39.957 11.132
12.77 40.035 10.986
12.78 40.111 10.833
12.79 40.186 10.674
12.8 40.26 10.508
12.81 40.334 10.336
12.82 40.406 10.158
12.83 40.477 9.9741
12.84 40.548 9.7841
12.85 40.617 9.5881
12.86 40.686 9.3864
12.87 40.753 9.1791
12.88 40.82 8.9661
12.89 40.885 8.7477
12.9 40.95 8.524
12.91 41.013 8.295
12.92 41.076 8.0608
12.93 41.137 7.8217
12.94 41.198 7.5776
12.95 41.257 7.3288
12.96 41.316 7.0754
12.97 41.374 6.8174
12.98 41.43 6.5551
12.99 41.486 6.2885
13 41.541 6.0177
13.01 41.594 5.743
13.02 41.647 5.4644
13.03 41.699 5.1821
13.04 41.75 4.8962
13.05 41.799 4.6069
13.06 41.848 4.3144
13.07 41.896 4.0186
13.08 41.943 3.7199
13.09 41.989 3.4184
13.1 42.034 3.1141
13.11 42.078 2.8074
13.12 42.12 2.4982
13.13 42.162 2.1868
13.14 42.203 1.8733
13.15 42.243 1.5579
13.16 42.282 1.2408
13.17 42.32 0.92205
13.18 42.357 0.60186
13.19 42.393 0.28039
13.2 42.429 -0.042202
13.21 42.463 -0.36575
13.22 42.496 -0.6901
13.23 42.528 -1.0151
13.24 42.559 -1.3405
13.25 42.589 -1.6663
13.26 42.618 -1.9922
13.27 42.647 -2.3181
13.28 42.674 -2.6439
13.29 42.7 -2.9692
13.3 42.725 -3.2941
13.31 42.75 -3.6183
13.32 42.773 -3.9417
13.33 42.795 -4.2641
13.34 42.817 -4.5854
13.35 42.837 -4.9053
13.36 42.856 -5.2238
13.37 42.875 -5.5406
13.38 42.892 -5.8556
13.39 42.908 -6.1687
13.4 42.924 -6.4797
13.41 42.938 -6.7884
13.42 42.952 -7.0948
13.43 42.964 -7.3985
13.44 42.976 -7.6996
13.45 42.986 -7.9977
13.46 42.996 -8.2929
13.47 43.005 -8.5849
13.48 43.012 -8.8735
13.49 43.019 -9.1587
13.5 43.025 -9.4404
13.51 43.029 -9.7182
13.52 43.033 -9.9922
13.53 43.036 -10.262
13.54 43.037 -10.528
13.55 43.038 -10.79
13.56 43.038 -11.047
13.57 43.037 -11.299
13.58 43.034 -11.547
13.59 43.031 -11.79
13.6 43.027 -12.029
13.61 43.022 -12.262
13.62 43.016 -12.49
13.63 43.009 -12.713
13.64 43 -12.93
13.65 42.991 -13.142
13.66 42.981 -13.348
13.67 42.97 -13.549
13.68 42.958 -13.744
13.69 42.945 -13.933
13.7 42.931 -14.116
13.71 42.916 -14.293
13.72 42.9 -14.463
13.73 42.884 -14.628
13.74 42.866 -14.786
13.75 42.847 -14.938
13.76 42.827 -15.083
13.77 42.806 -15.222
13.78 42.784 -15.354
13.79 42.761 -15.479
13.8 42.738 -15.598
13.81 42.713 -15.709
13.82 42.687 -15.814
13.83 42.66 -15.912
13.84 42.633 -16.003
13.85 42.604 -16.087
13.86 42.574 -16.164
13.87 42.544 -16.234
13.88 42.512 -16.297
13.89 42.479 -16.352
13.9 42.446 -16.401
13.91 42.411 -16.442
13.92 42.376 -16.476
13.93 42.339 -16.502
13.94 42.302 -16.521
13.95 42.263 -16.534
13.96 42.224 -16.538
13.97 42.183 -16.536
13.98 42.142 -16.526
13.99 42.099 -16.509
14 42.056 -16.485
14.01 42.011 -16.453
14.02 41.966 -16.414
14.03 41.92 -16.368
14.04 41.872 -16.315
14.05 41.824 -16.254
14.06 41.775 -16.187
14.07 41.725 -16.112
14.08 41.673 -16.03
14.09 41.621 -15.941
14.1 41.568 -15.845
14.11 41.514 -15.743
14.12 41.458 -15.633
14.13 41.402 -15.517
14.14 41.345 -15.393
14.15 41.287 -15.263
14.16 41.228 -15.127
14.17 41.168 -14.983
14.18 41.107 -14.834
14.19 41.045 -14.678
14.2 40.982 -14.515
14.21 40.918 -14.346
14.22 40.853 -14.171
14.23 40.787 -13.99
14.24 40.72 -13.803
14.25 40.652 -13.61
14.26 40.583 -13.411
14.27 40.513 -13.207
14.28 40.442 -12.997
14.29 40.37 -12.781
14.3 40.297 -12.56
14.31 40.224 -12.333
14.32 40.149 -12.102
14.33 40.073 -11.865
14.34 39.996 -11.623
14.35 39.919 -11.377
14.36 39.84 -11.126
14.37 39.76 -10.87
14.38 39.679 -10.61
14.39 39.598 -10.345
14.4 39.515 -10.077
14.41 39.431 -9.8038
14.42 39.347 -9.5271
14.43 39.261 -9.2467
14.44 39.175 -8.9625
14.45 39.087 -8.6749
14.46 38.999 -8.384
14.47 38.909 -8.0898
14.48 38.819 -7.7925
14.49 38.727 -7.4924
14.5 38.635 -7.1894
14.51 38.541 -6.8839
14.52 38.447 -6.5759
14.53 38.351 -6.2656
14.54 38.255 -5.9531
14.55 38.158 -5.6387
14.56 38.059 -5.3224
14.57 37.96 -5.0044
14.58 37.86 -4.6849
14.59 37.758 -4.3641
14.6 37.656 -4.042
14.61 37.553 -3.7189
14.62 37.449 -3.395
14.63 37.343 -3.0703
14.64 37.237 -2.745
14.65 37.13 -2.4194
14.66 37.022 -2.0935
14.67 36.913 -1.7676
14.68 36.803 -1.4418
14.69 36.692 -1.1162
14.7 36.58 -0.79104
14.71 36.466 -0.46647
14.72 36.352 -0.14266
14.73 36.237 0.18025
14.74 36.121 0.50209
14.75 36.004 0.82269
14.76 35.886 1.1419
14.77 35.767 1.4596
14.78 35.648 1.7755
14.79 35.527 2.0896
14.8 35.405 2.4016
14.81 35.282 2.7115
14.82 35.158 3.0191
14.83 35.033 3.3241
14.84 34.907 3.6265
14.85 34.781 3.9261
14.86 34.653 4.2228
14.87 34.524 4.5164
14.88 34.394 4.8067
14.89 34.264 5.0936
14.9 34.132 5.3771
14.91 33.999 5.6568
14.92 33.866 5.9328
14.93 33.731 6.2047
14.94 33.595 6.4727
14.95 33.459 6.7364
14.96 33.321 6.9957
14.97 33.183 7.2506
14.98 33.043 7.5008
14.99 32.903 7.7464
15 32.761 7.987
15.01 32.619 8.2227
15.02 32.475 8.4534
15.03 32.331 8.6788
15.04 32.185 8.8988
15.05 32.039 9.1135
15.06 31.891 9.3226
15.07 31.743 9.5261
15.08 31.594 9.7238
15.09 31.443 9.9157
15.1 31.292 10.102
15.11 31.14 10.282
15.12 30.986 10.455
15.13 30.832 10.623
15.14 30.677 10.784
15.15 30.521 10.939
15.16 30.363 11.088
15.17 30.205 11.23
15.18 30.046 11.365
15.19 29.886 11.494
15.2 29.725 11.616
15.21 29.563 11.731
15.22 29.4 11.839
15.23 29.236 11.94
15.24 29.071 12.035
15.25 28.904 12.122
15.26 28.737 12.203
15.27 28.569 12.276
15.28 28.4 12.342
15.29 28.231 12.402
15.3 28.06 12.453
15.31 27.888 12.498
15.32 27.715 12.536
15.33 27.541 12.566
15.34 27.366 12.589
15.35 27.19 12.604
15.36 27.013 12.613
15.37 26.836 12.614
15.38 26.657 12.608
15.39 26.477 12.594
15.4 26.296 12.574
15.41 26.115 12.546
15.42 25.932 12.51
15.43 25.748 12.468
15.44 25.563 12.418
15.45 25.378 12.361
15.46 25.191 12.297
15.47 25.004 12.226
15.48 24.815 12.148
15.49 24.625 12.062
15.5 24.435 11.97
15.51 24.243 11.871
15.52 24.051 11.764
15.53 23.857 11.651
15.54 23.663 11.531
15.55 23.467 11.405
15.56 23.271 11.271
15.57 23.073 11.131
15.58 22.875 10.985
15.59 22.676 10.832
15.6 22.475 10.673
15.61 22.274 10.507
15.62 22.072 10.335
15.63 21.868 10.157
15.64 21.664 9.9727
15.65 21.459 9.7826
15.66 21.252 9.5867
15.67 21.045 9.3849
15.68 20.837 9.1775
15.69 20.628 8.9645
15.7 20.418 8.7461
15.71 20.207 8.5223
15.72 19.994 8.2932
15.73 19.781 8.0591
15.74 19.567 7.8199
15.75 19.352 7.5758
15.76 19.136 7.327
15.77 18.919 7.0735
15.78 18.701 6.8155
15.79 18.482 6.5531
15.8 18.262 6.2865
15.81 18.041 6.0157
15.82 17.819 5.7409
15.83 17.596 5.4623
15.84 17.372 5.18
15.85 17.147 4.8941
15.86 16.921 4.6048
15.87 16.695 4.3122
15.88 16.467 4.0164
15.89 16.238 3.7177
15.9 16.008 3.4161
15.91 15.777 3.1119
15.92 15.546 2.8051
15.93 15.313 2.4959
15.94 15.079 2.1845
15.95 14.844 1.871
15.96 14.609 1.5556
15.97 14.372 1.2384
15.98 14.134 0.91968
15.99 13.896 0.59948
16 13.656 0.278
16.01 13.416 -0.044596
16.02 13.174 -0.36815
16.03 12.931 -0.69251
16.04 12.688 -1.0175
16.05 12.443 -1.343
16.06 12.198 -1.6687
16.07 11.951 -1.9946
16.08 11.704 -2.3206
16.09 11.456 -2.6463
16.1 11.206 -2.9717
16.11 10.956 -3.2965
16.12 10.704 -3.6207
16.13 10.452 -3.9441
16.14 10.199 -4.2665
16.15 9.9443 -4.5877
16.16 9.689 -4.9077
16.17 9.4327 -5.2261
16.18 9.1755 -5.5429
16.19 8.9172 -5.858
16.2 8.658 -6.171
16.21 8.3978 -6.482
16.22 8.1366 -6.7907
16.23 7.8744 -7.097
16.24 7.6113 -7.4008
16.25 7.3471 -7.7018
16.26 7.082 -7.9999
16.27 6.8159 -8.295
16.28 6.5489 -8.587
16.29 6.2808 -8.8757
16.3 6.0118 -9.1608
16.31 5.7417 -9.4424
16.32 5.4707 -9.7203
16.33 5.1988 -9.9943
16.34 4.9258 -10.264
16.35 4.6519 -10.53
16.36 4.3769 -10.792
16.37 4.101 -11.049
16.38 3.8241 -11.301
16.39 3.5463 -11.549
16.4 3.2674 -11.792
16.41 2.9876 -12.03
16.42 2.7068 -12.264
16.43 2.425 -12.492
16.44 2.1422 -12.714
16.45 1.8585 -12.932
16.46 1.5737 -13.144
16.47 1.288 -13.35
16.48 1.0013 -13.55
16.49 0.71366 -13.745
16.5 0.425 -13.934
16.51 0.13536 -14.117
16.52 -0.15526 -14.294
16.53 -0.44686 -14.465
16.54 -0.73944 -14.629
16.55 -1.033 -14.787
16.56 -1.3276 -14.939
16.57 -1.6231 -15.084
16.58 -1.9196 -15.223
16.59 -2.2171 -15.355
16.6 -2.5155 -15.48
16.61 -2.815 -15.598
16.62 -3.1154 -15.71
16.63 -3.4168 -15.815
16.64 -3.7192 -15.913
16.65 -4.0226 -16.004
16.66 -4.3269 -16.088
16.67 -4.6323 -16.165
16.68 -4.9386 -16.234
16.69 -5.2459 -16.297
16.7 -5.5542 -16.353
16.71 -5.8634 -16.401
16.72 -6.1737 -16.442
16.73 -6.4849 -16.476
16.74 -6.7971 -16.502
16.75 -7.1103 -16.522
16.76 -7.4244 -16.534
16.77 -7.7396 -16.538
16.78 -8.0557 -16.536
16.79 -8.3728 -16.526
16.8 -8.6909 -16.509
16.81 -9.01 -16.484
16.82 -9.33 -16.453
16.83 -9.6511 -16.414
16.84 -9.9731 -16.368
16.85 -10.296 -16.314
16.86 -10.62 -16.254
16.87 -10.945 -16.186
16.88 -11.271 -16.111
16.89 -11.598 -16.029
16.9 -11.926 -15.941
16.91 -12.255 -15.845
16.92 -12.584 -15.742
16.93 -12.915 -15.632
16.94 -13.247 -15.516
16.95 -13.58 -15.392
16.96 -13.914 -15.262
16.97 -14.248 -15.126
16.98 -14.584 -14.982
16.98 -14.584 -14.982
16.99 -14.253 -15.708
17 -13.924 -16.427
17.01 -13.595 -17.139
17.02 -13.267 -17.843
17.03 -12.94 -18.539
17.04 -12.614 -19.227
17.05 -12.29 -19.906
17.06 -11.966 -20.576
17.07 -11.643 -21.237
17.08 -11.321 -21.889
17.09 -11 -22.53
17.1 -10.68 -23.161
17.11 -10.361 -23.782
17.12 -10.043 -24.391
17.13 -9.7261 -24.989
17.14 -9.41 -25.576
17.15 -9.095 -26.151
17.16 -8.7809 -26.714
17.17 -8.4678 -27.265
17.18 -8.1557 -27.803
17.19 -7.8446 -28.328
17.2 -7.5344 -28.84
17.21 -7.2253 -29.338
17.22 -6.9171 -29.823
17.23 -6.6099 -30.293
17.24 -6.3037 -30.75
17.25 -5.9984 -31.192
17.26 -5.6942 -31.62
17.27 -5.3909 -32.032
17.28 -5.0886 -32.43
17.29 -4.7873 -32.813
17.3 -4.4869 -33.18
17.31 -4.1876 -33.531
17.32 -3.8892 -33.867
17.33 -3.5918 -34.186
17.34 -3.2954 -34.49
17.35 -3 -34.777
17.36 -2.7055 -35.048
17.37 -2.4121 -35.303
17.38 -2.1196 -35.54
17.39 -1.8281 -35.761
17.4 -1.5375 -35.965
17.41 -1.248 -36.152
17.42 -0.95944 -36.322
17.43 -0.67186 -36.475
17.44 -0.38525 -36.611
17.45 -0.099635 -36.729
17.46 0.185 -36.83
17.47 0.46866 -36.913
17.48 0.75134 -36.979
17.49 1.033 -37.027
17.5 1.3138 -37.058
17.51 1.5935 -37.071
17.52 1.8722 -37.067
17.53 2.15 -37.045
17.54 2.4268 -37.006
17.55 2.7026 -36.949
17.56 2.9774 -36.875
17.57 3.2513 -36.783
17.58 3.5242 -36.674
17.59 3.796 -36.547
17.6 4.0669 -36.403
17.61 4.3369 -36.242
17.62 4.6058 -36.064
17.63 4.8738 -35.869
17.64 5.1408 -35.656
17.65 5.4068 -35.427
17.66 5.6718 -35.182
17.67 5.9358 -34.919
17.68 6.1989 -34.64
17.69 6.4609 -34.345
17.7 6.722 -34.034
17.71 6.9822 -33.706
17.72 7.2413 -33.363
17.73 7.4994 -33.004
17.74 7.7566 -32.629
17.75 8.0128 -32.239
17.76 8.268 -31.834
17.77 8.5222 -31.414
17.78 8.7755 -30.98
17.79 9.0278 -30.53
17.8 9.279 -30.067
17.81 9.5293 -29.589
17.82 9.7787 -29.098
17.83 10.027 -28.593
17.84 10.274 -28.075
17.85 10.521 -27.544
17.86 10.766 -26.999
17.87 11.011 -26.443
17.88 11.254 -25.874
17.89 11.496 -25.293
17.9 11.738 -24.701
17.91 11.978 -24.097
17.92 12.218 -23.482
17.93 12.456 -22.856
17.94 12.694 -22.22
17.95 12.931 -21.574
17.96 13.166 -20.918
17.97 13.401 -20.253
17.98 13.634 -19.578
17.99 13.867 -18.894
18 14.099 -18.203
18.01 14.329 -17.503
18.02 14.559 -16.795
18.03 14.788 -16.079
18.04 15.016 -15.357
18.05 15.242 -14.628
18.06 15.468 -13.893
18.07 15.693 -13.152
18.08 15.917 -12.405
18.09 16.14 -11.653
18.1 16.361 -10.896
18.11 16.582 -10.134
18.12 16.802 -9.3687
18.13 17.021 -8.5995
18.14 17.239 -7.827
18.15 17.456 -7.0516
18.16 17.672 -6.2736
18.17 17.887 -5.4934
18.18 18.101 -4.7115
18.19 18.314 -3.9282
18.2 18.526 -3.1439
18.21 18.737 -2.3591
18.22 18.947 -1.574
18.23 19.156 -0.78911
18.24 19.364 -0.0048281
18.25 19.572 0.77848
18.26 19.778 1.5604
18.27 19.983 2.3406
18.28 20.187 3.1186
18.29 20.39 3.8941
18.3 20.593 4.6667
18.31 20.794 5.4359
18.32 20.994 6.2014
18.33 21.193 6.9629
18.34 21.392 7.7199
18.35 21.589 8.4721
18.36 21.785 9.219
18.37 21.981 9.9604
18.38 22.175 10.696
18.39 22.368 11.425
18.4 22.561 12.147
18.41 22.752 12.863
18.42 22.943 13.57
18.43 23.132 14.271
18.44 23.321 14.963
18.45 23.508 15.646
18.46 23.695 16.321
18.47 23.88 16.986
18.48 24.065 17.643
18.49 24.249 18.289
18.5 24.431 18.925
18.51 24.613 19.551
18.52 24.793 20.166
18.53 24.973 20.77
18.54 25.152 21.363
18.55 25.33 21.943
18.56 25.506 22.512
18.57 25.682 23.069
18.58 25.857 23.613
18.59 26.031 24.145
18.6 26.203 24.663
18.61 26.375 25.168
18.62 26.546 25.66
18.63 26.716 26.137
18.64 26.885 26.601
18.65 27.053 27.05
18.66 27.22 27.485
18.67 27.386 27.905
18.68 27.551 28.311
18.69 27.714 28.701
18.7 27.877 29.075
18.71 28.04 29.435
18.72 28.201 29.778
18.73 28.361 30.106
18.74 28.52 30.417
18.75 28.678 30.713
18.76 28.835 30.992
18.77 28.991 31.255
18.78 29.146 31.501
18.79 29.3 31.73
18.8 29.453 31.942
18.81 29.606 32.138
18.82 29.757 32.316
18.83 29.907 32.477
18.84 30.056 32.622
18.85 30.205 32.748
18.86 30.352 32.858
18.87 30.498 32.95
18.88 30.644 33.024
18.89 30.788 33.081
18.9 30.931 33.121
18.91 31.074 33.143
18.92 31.215 33.147
18.93 31.356 33.134
18.94 31.495 33.104
18.95 31.634 33.056
18.96 31.771 32.99
18.97 31.908 32.907
18.98 32.043 32.806
18.99 32.178 32.688
19 32.311 32.553
19.01 32.444 32.4
19.02 32.575 32.231
19.03 32.706 32.044
19.04 32.836 31.84
19.05 32.964 31.619
19.06 33.092 31.382
19.07 33.219 31.127
19.08 33.344 30.857
19.09 33.469 30.57
19.1 33.593 30.266
19.11 33.716 29.947
19.12 33.837 29.611
19.13 33.958 29.26
19.14 34.078 28.893
19.15 34.197 28.511
19.16 34.315 28.113
19.17 34.432 27.701
19.18 34.548 27.273
19.19 34.663 26.831
19.2 34.776 26.375
19.21 34.889 25.904
19.22 35.001 25.42
19.23 35.112 24.921
19.24 35.222 24.41
19.25 35.331 23.885
19.26 35.44 23.347
19.27 35.547 22.797
19.28 35.653 22.234
19.29 35.758 21.659
19.3 35.862 21.072
19.31 35.965 20.474
19.32 36.067 19.865
19.33 36.168 19.244
19.34 36.269 18.613
19.35 36.368 17.972
19.36 36.466 17.321
19.37 36.563 16.66
19.38 36.66 15.99
19.39 36.755 15.311
19.4 36.849 14.623
19.41 36.943 13.927
19.42 37.035 13.223
19.43 37.126 12.511
19.44 37.217 11.793
19.45 37.306 11.067
19.46 37.395 10.335
19.47 37.482 9.5962
19.48 37.569 8.8521
19.49 37.654 8.1025
19.5 37.739 7.3479
19.51 37.822 6.5887
19.52 37.905 5.8251
19.53 37.986 5.0577
19.54 38.067 4.2868
19.55 38.147 3.5128
19.56 38.225 2.736
19.57 38.303 1.9568
19.58 38.379 1.1758
19.59 38.455 0.39309
19.6 38.53 -0.39075
19.61 38.604 -1.1754
19.62 38.676 -1.9604
19.63 38.748 -2.7454
19.64 38.819 -3.53
19.65 38.889 -4.3139
19.66 38.957 -5.0965
19.67 39.025 -5.8776
19.68 39.092 -6.6568
19.69 39.158 -7.4336
19.7 39.223 -8.2076
19.71 39.287 -8.9786
19.72 39.35 -9.746
19.73 39.412 -10.51
19.74 39.473 -11.269
19.75 39.533 -12.023
19.76 39.592 -12.773
19.77 39.65 -13.517
19.78 39.707 -14.256
19.79 39.763 -14.988
19.8 39.818 -15.714
19.81 39.872 -16.432
19.82 39.925 -17.144
19.83 39.977 -17.848
19.84 40.028 -18.544
19.85 40.079 -19.232
19.86 40.128 -19.911
19.87 40.176 -20.581
19.88 40.223 -21.242
19.89 40.27 -21.893
19.9 40.315 -22.535
19.91 40.359 -23.166
19.92 40.402 -23.786
19.93 40.445 -24.396
19.94 40.486 -24.994
19.95 40.526 -25.581
19.96 40.566 -26.156
19.97 40.604 -26.718
19.98 40.642 -27.269
19.99 40.678 -27.807
20 40.714 -28.332
20.01 40.748 -28.843
20.02 40.782 -29.342
20.03 40.814 -29.826
20.04 40.846 -30.297
20.05 40.876 -30.753
20.06 40.906 -31.195
20.07 40.934 -31.623
20.08 40.962 -32.035
20.09 40.989 -32.433
20.1 41.014 -32.815
20.11 41.039 -33.182
20.12 41.063 -33.534
20.13 41.085 -33.869
20.14 41.107 -34.189
20.15 41.128 -34.492
20.16 41.148 -34.78
20.17 41.166 -35.05
20.18 41.184 -35.305
20.19 41.201 -35.542
20.2 41.217 -35.763
20.21 41.232 -35.967
20.22 41.246 -36.154
20.23 41.259 -36.324
20.24 41.27 -36.476
20.25 41.281 -36.612
20.26 41.291 -36.73
20.27 41.3 -36.83
20.28 41.308 -36.914
20.29 41.315 -36.979
20.3 41.321 -37.028
20.31 41.326 -37.058
20.32 41.331 -37.071
20.33 41.334 -37.067
20.34 41.336 -37.045
20.35 41.337 -37.006
20.36 41.337 -36.949
20.37 41.336 -36.874
20.38 41.334 -36.782
20.39 41.332 -36.673
20.4 41.328 -36.546
20.41 41.323 -36.402
20.42 41.317 -36.241
20.43 41.311 -36.063
20.44 41.303 -35.867
20.45 41.294 -35.655
20.46 41.285 -35.426
20.47 41.274 -35.18
20.48 41.262 -34.917
20.49 41.25 -34.638
20.5 41.236 -34.343
20.51 41.222 -34.031
20.52 41.206 -33.704
20.53 41.189 -33.36
20.54 41.172 -33.001
20.55 41.153 -32.626
20.56 41.134 -32.236
20.57 41.114 -31.831
20.58 41.092 -31.411
20.59 41.07 -30.976
20.6 41.046 -30.527
20.61 41.022 -30.063
20.62 40.997 -29.586
20.63 40.97 -29.094
20.64 40.943 -28.589
20.65 40.915 -28.071
20.66 40.885 -27.54
20.67 40.855 -26.995
20.68 40.824 -26.439
20.69 40.792 -25.87
20.7 40.758 -25.289
20.71 40.724 -24.696
20.72 40.689 -24.092
20.73 40.653 -23.478
20.74 40.616 -22.852
20.75 40.578 -22.216
20.76 40.539 -21.569
20.77 40.498 -20.913
20.78 40.457 -20.248
20.79 40.415 -19.573
20.8 40.372 -18.889
20.81 40.328 -18.197
20.82 40.283 -17.497
20.83 40.237 -16.789
20.84 40.191 -16.074
20.85 40.143 -15.352
20.86 40.094 -14.623
20.87 40.044 -13.887
20.88 39.993 -13.146
20.89 39.941 -12.399
20.9 39.888 -11.647
20.91 39.834 -10.89
20.92 39.78 -10.129
20.93 39.724 -9.3631
20.94 39.667 -8.5938
20.95 39.609 -7.8213
20.96 39.551 -7.0458
20.97 39.491 -6.2678
20.98 39.43 -5.4876
20.99 39.369 -4.7057
21 39.306 -3.9224
21.01 39.242 -3.1381
21.02 39.178 -2.3532
21.03 39.112 -1.5682
21.04 39.046 -0.7833
21.05 38.978 0.00098086
21.06 38.91 0.78428
21.07 38.84 1.5662
21.08 38.77 2.3464
21.09 38.698 3.1244
21.1 38.626 3.8998
21.11 38.552 4.6724
21.12 38.478 5.4416
21.13 38.403 6.2071
21.14 38.326 6.9685
21.15 38.249 7.7255
21.16 38.171 8.4776
21.17 38.091 9.2245
21.18 38.011 9.9658
21.19 37.93 10.701
21.2 37.847 11.43
21.21 37.764 12.153
21.22 37.68 12.868
21.23 37.595 13.576
21.24 37.509 14.276
21.25 37.421 14.968
21.26 37.333 15.651
21.27 37.244 16.326
21.28 37.154 16.991
21.29 37.063 17.647
21.3 36.971 18.294
21.31 36.878 18.93
21.32 36.784 19.556
21.33 36.689 20.17
21.34 36.593 20.774
21.35 36.496 21.367
21.36 36.398 21.948
21.37 36.299 22.517
21.38 36.199 23.073
21.39 36.098 23.617
21.4 35.996 24.149
21.41 35.893 24.667
21.42 35.79 25.172
21.43 35.685 25.663
21.44 35.579 26.141
21.45 35.472 26.604
21.46 35.364 27.054
21.47 35.256 27.488
21.48 35.146 27.909
21.49 35.035 28.314
21.5 34.924 28.704
21.51 34.811 29.078
21.52 34.697 29.437
21.53 34.583 29.781
21.54 34.467 30.108
21.55 34.35 30.42
21.56 34.233 30.715
21.57 34.114 30.994
21.58 33.995 31.256
21.59 33.874 31.502
21.6 33.753 31.732
21.61 33.63 31.944
21.62 33.507 32.139
21.63 33.382 32.317
21.64 33.257 32.479
21.65 33.131 32.623
21.66 33.003 32.749
21.67 32.875 32.859
21.68 32.745 32.95
21.69 32.615 33.025
21.7 32.484 33.082
21.71 32.352 33.121
21.72 32.218 33.143
21.73 32.084 33.147
21.74 31.949 33.134
21.75 31.813 33.103
21.76 31.675 33.055
21.77 31.537 32.989
21.78 31.398 32.906
21.79 31.258 32.805
21.8 31.117 32.687
21.81 30.975 32.552
21.82 30.832 32.399
21.83 30.688 32.229
21.84 30.543 32.042
21.85 30.397 31.838
21.86 30.25 31.617
21.87 30.102 31.38
21.88 29.953 31.125
21.89 29.803 30.855
21.9 29.652 30.567
21.91 29.5 30.264
21.92 29.347 29.944
21.93 29.193 29.609
21.94 29.038 29.257
21.95 28.882 28.89
21.96 28.726 28.508
21.97 28.568 28.11
21.98 28.409 27.697
21.99 28.249 27.27
22 28.089 26.828
22.01 27.927 26.371
22.02 27.764 25.901
22.03 27.6 25.416
22.04 27.436 24.918
22.05 27.27 24.406
22.06 27.104 23.881
22.07 26.936 23.343
22.08 26.767 22.793
22.09 26.598 22.23
22.1 26.427 21.655
22.11 26.256 21.068
22.12 26.083 20.47
22.13 25.91 19.86
22.14 25.735 19.24
22.15 25.56 18.609
22.16 25.383 17.967
22.17 25.206 17.316
22.18 25.028 16.655
22.19 24.848 15.985
22.2 24.668 15.306
22.21 24.486 14.618
22.22 24.304 13.922
22.23 24.121 13.218
22.24 23.937 12.506
22.25 23.751 11.787
22.26 23.565 11.061
22.27 23.378 10.329
22.28 23.19 9.5907
22.29 23 8.8465
22.3 22.81 8.0969
22.31 22.619 7.3423
22.32 22.427 6.583
22.33 22.234 5.8195
22.34 22.04 5.052
22.35 21.845 4.2811
22.36 21.649 3.507
22.37 21.452 2.7302
22.38 21.254 1.9511
22.39 21.055 1.17
22.4 20.855 0.38729
22.41 20.654 -0.39656
22.42 20.452 -1.1812
22.43 20.249 -1.9662
22.44 20.045 -2.7512
22.45 19.84 -3.5358
22.46 19.634 -4.3197
22.47 19.427 -5.1023
22.48 19.22 -5.8834
22.49 19.011 -6.6625
22.5 18.801 -7.4393
22.51 18.59 -8.2134
22.52 18.378 -8.9843
22.53 18.166 -9.7517
22.54 17.952 -10.515
22.55 17.737 -11.274
22.56 17.522 -12.029
22.57 17.305 -12.779
22.58 17.087 -13.523
22.59 16.869 -14.261
22.6 16.649 -14.993
22.61 16.429 -15.719
22.62 16.207 -16.438
22.63 15.985 -17.149
22.64 15.761 -17.853
22.65 15.537 -18.549
22.66 15.311 -19.237
22.67 15.085 -19.916
22.68 14.857 -20.586
22.69 14.629 -21.247
22.7 14.399 -21.898
22.71 14.169 -22.539
22.72 13.938 -23.17
22.73 13.705 -23.791
22.74 13.472 -24.4
22.75 13.238 -24.998
22.76 13.002 -25.585
22.77 12.766 -26.16
22.78 12.529 -26.723
22.79 12.291 -27.273
22.8 12.051 -27.811
22.81 11.811 -28.335
22.82 11.57 -28.847
22.83 11.328 -29.345
22.84 11.085 -29.83
22.85 10.841 -30.3
22.86 10.595 -30.757
22.87 10.349 -31.199
22.88 10.102 -31.626
22.89 9.8542 -32.038
22.9 9.6052 -32.436
22.91 9.3552 -32.818
22.92 9.1042 -33.185
22.93 8.8522 -33.536
22.94 8.5993 -33.872
22.95 8.3453 -34.191
22.96 8.0904 -34.494
22.97 7.8345 -34.782
22.98 7.5777 -35.052
22.99 7.3198 -35.306
23 7.061 -35.544
23.01 6.8012 -35.765
23.02 6.5404 -35.968
23.03 6.2786 -36.155
23.04 6.0158 -36.325
23.05 5.7521 -36.477
23.06 5.4874 -36.613
23.07 5.2217 -36.73
23.08 4.955 -36.831
23.09 4.6873 -36.914
23.1 4.4187 -36.98
23.11 4.1491 -37.028
23.12 3.8784 -37.058
23.13 3.6069 -37.071
23.14 3.3343 -37.067
23.15 3.0607 -37.045
23.16 2.7862 -37.005
23.17 2.5107 -36.948
23.18 2.2342 -36.874
23.19 1.9567 -36.781
23.2 1.6783 -36.672
23.21 1.3988 -36.545
23.22 1.1184 -36.401
23.23 0.83702 -36.24
23.24 0.55464 -36.061
23.25 0.27128 -35.866
23.26 -0.013059 -35.653
23.27 -0.29838 -35.424
23.28 -0.58468 -35.178
23.29 -0.87197 -34.915
23.3 -1.1602 -34.636
23.31 -1.4495 -34.34
23.32 -1.7397 -34.029
23.33 -2.0309 -33.701
23.34 -2.3231 -33.358
23.35 -2.6163 -32.998
23.36 -2.9104 -32.623
23.37 -3.2056 -32.233
23.38 -3.5017 -31.828
23.39 -3.7988 -31.408
23.4 -4.0968 -30.973
23.41 -4.3959 -30.524
23.42 -4.6959 -30.06
23.43 -4.9969 -29.582
23.44 -5.2989 -29.091
23.45 -5.6019 -28.585
23.46 -5.9059 -28.067
23.47 -6.2108 -27.536
23.48 -6.5168 -26.991
23.49 -6.8237 -26.435
23.5 -7.1315 -25.866
23.51 -7.4404 -25.285
23.52 -7.7503 -24.692
23.53 -8.0611 -24.088
23.54 -8.3729 -23.473
23.55 -8.6857 -22.847
23.56 -8.9995 -22.211
23.57 -9.3142 -21.564
23.58 -9.6299 -20.908
23.59 -9.9467 -20.243
23.6 -10.264 -19.568
23.61 -10.583 -18.884
23.62 -10.903 -18.192
23.63 -11.223 -17.492
23.64 -11.545 -16.784
23.65 -11.868 -16.069
23.66 -12.191 -15.346
23.67 -12.516 -14.617
23.68 -12.841 -13.882
