0	0	0	707.11	707.11
0.1	70.711	70.662	707.11	706.13
0.2	141.42	141.23	707.11	705.14
0.3	212.13	211.69	707.11	704.16
0.4	282.84	282.06	707.11	703.18
0.5	353.55	352.33	707.11	702.2
0.6	424.26	422.5	707.11	701.22
0.7	494.97	492.57	707.11	700.24
0.8	565.69	562.55	707.11	699.26
0.9	636.4	632.42	707.11	698.28
1	707.11	702.2	707.11	697.3
1.1	777.82	771.88	707.11	696.32
1.2	848.53	841.46	707.11	695.33
1.3	919.24	910.95	707.11	694.35
1.4	989.95	980.34	707.11	693.37
1.5	1060.7	1049.6	707.11	692.39
1.6	1131.4	1118.8	707.11	691.41
1.7	1202.1	1187.9	707.11	690.43
1.8	1272.8	1256.9	707.11	689.45
1.9	1343.5	1325.8	707.11	688.47
2	1414.2	1394.6	707.11	687.49
2.1	1484.9	1463.3	707.11	686.51
2.2	1555.6	1531.9	707.11	685.52
2.3	1626.3	1600.4	707.11	684.54
2.4	1697.1	1668.8	707.11	683.56
2.5	1767.8	1737.1	707.11	682.58
2.6	1838.5	1805.3	707.11	681.6
2.7	1909.2	1873.4	707.11	680.62
2.8	1979.9	1941.4	707.11	679.64
2.9	2050.6	2009.4	707.11	678.66
3	2121.3	2077.2	707.11	677.68
3.1	2192	2144.9	707.11	676.7
3.2	2262.7	2212.5	707.11	675.71
3.3	2333.5	2280	707.11	674.73
3.4	2404.2	2347.5	707.11	673.75
3.5	2474.9	2414.8	707.11	672.77
3.6	2545.6	2482	707.11	671.79
3.7	2616.3	2549.1	707.11	670.81
3.8	2687	2616.2	707.11	669.83
3.9	2757.7	2683.1	707.11	668.85
4	2828.4	2749.9	707.11	667.87
4.1	2899.1	2816.7	707.11	666.89
4.2	2969.8	2883.3	707.11	665.9
4.3	3040.6	2949.9	707.11	664.92
4.4	3111.3	3016.3	707.11	663.94
4.5	3182	3082.7	707.11	662.96
4.6	3252.7	3148.9	707.11	661.98
4.7	3323.4	3215.1	707.11	661
4.8	3394.1	3281.1	707.11	660.02
4.9	3464.8	3347.1	707.11	659.04
5	3535.5	3412.9	707.11	658.06
5.1	3606.2	3478.7	707.11	657.08
5.2	3677	3544.3	707.11	656.09
5.3	3747.7	3609.9	707.11	655.11
5.4	3818.4	3675.3	707.11	654.13
5.5	3889.1	3740.7	707.11	653.15
5.6	3959.8	3806	707.11	652.17
5.7	4030.5	3871.1	707.11	651.19
5.8	4101.2	3936.2	707.11	650.21
5.9	4171.9	4001.2	707.11	649.23
6	4242.6	4066.1	707.11	648.25
6.1	4313.4	4130.8	707.11	647.27
6.2	4384.1	4195.5	707.11	646.28
6.3	4454.8	4260.1	707.11	645.3
6.4	4525.5	4324.6	707.11	644.32
6.5	4596.2	4389	707.11	643.34
6.6	4666.9	4453.2	707.11	642.36
6.7	4737.6	4517.4	707.11	641.38
6.8	4808.3	4581.5	707.11	640.4
6.9	4879	4645.5	707.11	639.42
7	4949.7	4709.4	707.11	638.44
7.1	5020.5	4773.2	707.11	637.46
7.2	5091.2	4836.9	707.11	636.47
7.3	5161.9	4900.5	707.11	635.49
7.4	5232.6	4964	707.11	634.51
7.5	5303.3	5027.4	707.11	633.53
7.6	5374	5090.7	707.11	632.55
7.7	5444.7	5153.9	707.11	631.57
7.8	5515.4	5217	707.11	630.59
7.9	5586.1	5280	707.11	629.61
8	5656.9	5342.9	707.11	628.63
8.1	5727.6	5405.7	707.11	627.65
8.2	5798.3	5468.5	707.11	626.66
8.3	5869	5531.1	707.11	625.68
8.4	5939.7	5593.6	707.11	624.7
8.5	6010.4	5656	707.11	623.72
8.6	6081.1	5718.3	707.11	622.74
8.7	6151.8	5780.6	707.11	621.76
8.8	6222.5	5842.7	707.11	620.78
8.9	6293.3	5904.7	707.11	619.8
9	6364	5966.7	707.11	618.82
9.1	6434.7	6028.5	707.11	617.84
9.2	6505.4	6090.2	707.11	616.85
9.3	6576.1	6151.9	707.11	615.87
9.4	6646.8	6213.4	707.11	614.89
9.5	6717.5	6274.8	707.11	613.91
9.6	6788.2	6336.2	707.11	612.93
9.7	6858.9	6397.4	707.11	611.95
9.8	6929.6	6458.6	707.11	610.97
9.9	7000.4	6519.6	707.11	609.99
10	7071.1	6580.6	707.11	609.01
10.1	7141.8	6641.4	707.11	608.03
10.2	7212.5	6702.2	707.11	607.04
10.3	7283.2	6762.8	707.11	606.06
10.4	7353.9	6823.4	707.11	605.08
10.5	7424.6	6883.8	707.11	604.1
10.6	7495.3	6944.2	707.11	603.12
10.7	7566	7004.5	707.11	602.14
10.8	7636.8	7064.6	707.11	601.16
10.9	7707.5	7124.7	707.11	600.18
11	7778.2	7184.7	707.11	599.2
11.1	7848.9	7244.5	707.11	598.22
11.2	7919.6	7304.3	707.11	597.23
11.3	7990.3	7364	707.11	596.25
11.4	8061	7423.6	707.11	595.27
11.5	8131.7	7483	707.11	594.29
11.6	8202.4	7542.4	707.11	593.31
11.7	8273.1	7601.7	707.11	592.33
11.8	8343.9	7660.9	707.11	591.35
11.9	8414.6	7720	707.11	590.37
12	8485.3	7779	707.11	589.39
12.1	8556	7837.9	707.11	588.41
12.2	8626.7	7896.6	707.11	587.42
12.3	8697.4	7955.3	707.11	586.44
12.4	8768.1	8013.9	707.11	585.46
12.5	8838.8	8072.4	707.11	584.48
12.6	8909.5	8130.8	707.11	583.5
12.7	8980.3	8189.1	707.11	582.52
12.8	9051	8247.3	707.11	581.54
12.9	9121.7	8305.4	707.11	580.56
13	9192.4	8363.4	707.11	579.58
13.1	9263.1	8421.4	707.11	578.6
13.2	9333.8	8479.2	707.11	577.61
13.3	9404.5	8536.9	707.11	576.63
13.4	9475.2	8594.5	707.11	575.65
13.5	9545.9	8652	707.11	574.67
13.6	9616.7	8709.4	707.11	573.69
13.7	9687.4	8766.7	707.11	572.71
13.8	9758.1	8824	707.11	571.73
13.9	9828.8	8881.1	707.11	570.75
14	9899.5	8938.1	707.11	569.77
14.1	9970.2	8995	707.11	568.79
14.2	10041	9051.9	707.11	567.8
14.3	10112	9108.6	707.11	566.82
14.4	10182	9165.2	707.11	565.84
14.5	10253	9221.8	707.11	564.86
14.6	10324	9278.2	707.11	563.88
14.7	10394	9334.5	707.11	562.9
14.8	10465	9390.8	707.11	561.92
14.9	10536	9446.9	707.11	560.94
15	10607	9503	707.11	559.96
15.1	10677	9558.9	707.11	558.98
15.2	10748	9614.8	707.11	557.99
15.3	10819	9670.5	707.11	557.01
15.4	10889	9726.2	707.11	556.03
15.5	10960	9781.7	707.11	555.05
15.6	11031	9837.2	707.11	554.07
15.7	11102	9892.5	707.11	553.09
15.8	11172	9947.8	707.11	552.11
15.9	11243	10003	707.11	551.13
16	11314	10058	707.11	550.15
16.1	11384	10113	707.11	549.17
16.2	11455	10168	707.11	548.18
16.3	11526	10223	707.11	547.2
16.4	11597	10277	707.11	546.22
16.5	11667	10332	707.11	545.24
16.6	11738	10386	707.11	544.26
16.7	11809	10441	707.11	543.28
16.8	11879	10495	707.11	542.3
16.9	11950	10549	707.11	541.32
17	12021	10603	707.11	540.34
17.1	12092	10657	707.11	539.36
17.2	12162	10711	707.11	538.37
17.3	12233	10765	707.11	537.39
17.4	12304	10819	707.11	536.41
17.5	12374	10872	707.11	535.43
17.6	12445	10926	707.11	534.45
17.7	12516	10979	707.11	533.47
17.8	12587	11032	707.11	532.49
17.9	12657	11086	707.11	531.51
18	12728	11139	707.11	530.53
18.1	12799	11192	707.11	529.55
18.2	12869	11245	707.11	528.56
18.3	12940	11297	707.11	527.58
18.4	13011	11350	707.11	526.6
18.5	13081	11403	707.11	525.62
18.6	13152	11455	707.11	524.64
18.7	13223	11508	707.11	523.66
18.8	13294	11560	707.11	522.68
18.9	13364	11612	707.11	521.7
19	13435	11664	707.11	520.72
19.1	13506	11716	707.11	519.74
19.2	13576	11768	707.11	518.75
19.3	13647	11820	707.11	517.77
19.4	13718	11872	707.11	516.79
19.5	13789	11923	707.11	515.81
19.6	13859	11975	707.11	514.83
19.7	13930	12026	707.11	513.85
19.8	14001	12078	707.11	512.87
19.9	14071	12129	707.11	511.89
